0 0.491893 0.779690 0.850612 0.285714
6 0.717736 0.557659 0.090080 0.209983
6 0.950878 0.665232 0.098243 0.359725
6 0.760846 0.577453 0.045040 0.187608
3 0.385727 0.512909 0.069490 0.072289
3 0.423046 0.500861 0.020590 0.041308
3 0.438488 0.499139 0.020590 0.037866
3 0.459078 0.500000 0.020590 0.029260
3 0.569748 0.497418 0.046327 0.034423
3 0.536289 0.495697 0.030885 0.041308
3 0.211358 0.478485 0.289543 0.075731
3 0.048571 0.517212 0.095227 0.067126
3 0.119348 0.511188 0.120964 0.058520
3 0.199776 0.512909 0.034745 0.034423
2 0.500901 0.632530 0.997314 0.407917
