3 0.431840 0.862348 0.146226 0.089785
3 0.364033 0.860210 0.104953 0.094061
3 0.311557 0.862348 0.047170 0.081234
3 0.544458 0.862348 0.081368 0.089785
3 0.622877 0.865554 0.106132 0.070546
3 0.889387 0.869830 0.108491 0.079097
3 0.822170 0.861279 0.066038 0.096199
3 0.969575 0.868761 0.033019 0.042755
3 0.967099 0.848452 0.065802 0.053444
3 0.987146 0.882656 0.025708 0.066270
3 0.165330 0.861279 0.066038 0.057719
3 0.095755 0.858072 0.049528 0.055581
3 0.222524 0.874105 0.048349 0.066270
3 0.596934 0.836695 0.042453 0.038479
1 0.697759 0.496375 0.140330 0.992750
