1 0.865425 0.456110 0.239960 0.895009
3 0.304947 0.889845 0.294808 0.220310
3 0.072773 0.783993 0.145545 0.094664
3 0.445495 0.786575 0.126836 0.106713
3 0.635749 0.760757 0.078844 0.079174
3 0.558619 0.734079 0.047992 0.039587
3 0.361509 0.752151 0.058276 0.041308
3 0.317802 0.737522 0.039422 0.043029
3 0.216676 0.778830 0.114838 0.067126
3 0.571474 0.690189 0.042850 0.044750
3 0.522625 0.709122 0.030852 0.024096
3 0.485774 0.695353 0.029138 0.024096
3 0.505485 0.679862 0.030852 0.024096
3 0.610896 0.697074 0.029138 0.041308
