1 0.841038 0.487001 0.096698 0.974001
1 0.122288 0.449522 0.045991 0.792875
2 0.501297 0.847878 0.997406 0.304244
3 0.502005 0.775783 0.043632 0.091107
3 0.590448 0.698219 0.076651 0.226536
3 0.257901 0.742541 0.081368 0.064021
3 0.395873 0.715455 0.055425 0.054172
3 0.433608 0.710530 0.029481 0.049247
3 0.484906 0.717917 0.028302 0.039398
3 0.517335 0.695756 0.034198 0.083720
3 0.665330 0.706837 0.047170 0.046785
3 0.775590 0.735154 0.055425 0.044322
3 0.724292 0.743772 0.051887 0.041860
3 0.984788 0.715455 0.030425 0.034473
