3 0.7124882422131245 0.5962331799013683 0.399318160712917 0.4451521520528157
3 0.3236790089306244 0.6569921506206384 0.38405683662472256 0.46059533871736136
3 0.12277635125493025 0.36253526798218266 0.1771483007211807 0.22856244668999892
3 0.8027924659963193 0.2733945692234596 0.12409472948277803 0.16389996268299925
3 0.25072212614055533 0.23451826129854708 0.09371624525034736 0.13386701734563572
3 0.2964346696435415 0.21680350262572917 0.08550370174736113 0.11658861067790856
3 0.3563188159200693 0.19423761195100225 0.07740026101791671 0.10399770401018134
3 0.7622051400082637 0.20513546522918663 0.07609233415618064 0.11491702267663592
3 0.7932018732907637 0.14854001989182314 0.04386040919430556 0.07236589600572704
3 0.5039939029260415 0.15815356659773044 0.05170927678548622 0.07401930267345422
3 0.5543212112466666 0.1435092639242762 0.04673083605604163 0.06146475867281791
3 0.6183473436554859 0.14432632924891298 0.04029899810013902 0.053579533338636146
3 0.3132195132990275 0.36812964528963843 0.08775587955902786 0.07912497334499946
3 0.3233218651226386 0.3367705572883657 0.07452852773541671 0.04772952267663584
3 0.3332060113991664 0.3147864692870931 0.07481946846486114 0.06022952267663584
3 0.3985777446816664 0.25779103461172975 0.05901263050895835 0.05223520934118149
3 0.41932665577583317 0.238804677275639 0.049383057370694414 0.04118862133990877
3 0.6731036595755553 0.342072938574186 0.0797251740119446 0.06965906667727229
3 0.6270287465815275 0.30824337858054945 0.07325696846486114 0.060211341343090474
3 0.6444357585493747 0.23149906524509495 0.049455792553055565 0.04431362133990877
3 0.6650028316876387 0.2203252079090042 0.041643292553055565 0.0442227146721816
