3 0.18966598138744115 0.7805299006331383 0.3381112772394082 0.19695653417751763
3 0.542692428421234 0.7250433964099962 0.2736224423422158 0.2558936134861195
3 0.5722592321437457 0.5709014656894683 0.22550201659574648 0.19212061850068468
3 0.36262178821204605 0.5013916330821611 0.23462564431968733 0.2110979390337981
3 0.13748412047291106 0.4125862311953815 0.2749682409458221 0.19679139812585583
3 0.08694584801269334 0.30927336309040826 0.17389169602538668 0.16125105172849494
3 0.16075255765778412 0.25362040815498565 0.17142652179152656 0.1546828029821361
3 0.3674724512211668 0.27529213433580224 0.1680830005042031 0.15146687476889084
3 0.364085007289467 0.21178356380268887 0.1510376121366006 0.13069973370266402
3 0.637806730554262 0.26045571067490336 0.16306771857321783 0.1466429824490228
3 0.470051511981044 0.3980513359060126 0.19628441015912906 0.1756772645814763
3 0.7250835833845831 0.5236807878719343 0.26118814431968734 0.21187082884638359
3 0.5957017220042872 0.42597541059576105 0.11281634629715871 0.16389266693047427
