3 0.3765625 0.6359375 0.1359375 0.1828125
3 0.1 0.625 0.153125 0.175
3 0.265625 0.3796875 0.0984375 0.09375
3 0.359375 0.290625 0.0703125 0.0625
3 0.21875 0.2875 0.075 0.065625
3 0.7140625 0.39375 0.1140625 0.1
3 0.865625 0.3953125 0.11875 0.0859375
3 0.8953125 0.2921875 0.0953125 0.0671875
3 0.76875 0.2984375 0.0828125 0.0609375
3 0.809375 0.2375 0.0625 0.046875
3 0.9203125 0.2125 0.0703125 0.0453125
3 0.6625 0.1640625 0.0359375 0.04375
3 0.5984375 0.165625 0.034375 0.040625
3 0.3734375 0.20625 0.0546875 0.05625
3 0.465625 0.1796875 0.0453125 0.0578125
3 0.4203125 0.175 0.0390625 0.0359375
3 0.38125 0.1578125 0.0375 0.0328125
3 0.3078125 0.14375 0.034375 0.028125
3 0.3078125 0.184375 0.05 0.0453125
3 0.1046875 0.1703125 0.071875 0.0375
