3 0.6140625 0.7828125 0.125 0.1171875
3 0.85625 0.8109375 0.1984375 0.165625
3 0.2015625 0.7609375 0.0890625 0.1078125
3 0.209375 0.6765625 0.0796875 0.08125
3 0.4140625 0.7234375 0.103125 0.1
3 0.4828125 0.5796875 0.075 0.0609375
3 0.578125 0.4625 0.0546875 0.046875
3 0.05625 0.4921875 0.0515625 0.0671875
3 0.4015625 0.484375 0.053125 0.0390625
3 0.3609375 0.3953125 0.040625 0.025
3 0.3140625 0.4375 0.04375 0.0328125
3 0.2640625 0.409375 0.040625 0.0234375
3 0.24375 0.434375 0.034375 0.028125
3 0.1546875 0.4 0.0375 0.0234375
3 0.0328125 0.359375 0.034375 0.0203125
3 0.075 0.3734375 0.0296875 0.0203125
3 0.459375 0.421875 0.0484375 0.0296875
