3 0.48125 0.696875 0.0859375 0.0859375
3 0.6234375 0.6171875 0.078125 0.06875
3 0.465625 0.5265625 0.0625 0.059375
3 0.5203125 0.503125 0.0484375 0.0375
3 0.446875 0.4640625 0.0578125 0.046875
3 0.371875 0.4453125 0.0390625 0.03125
3 0.3328125 0.428125 0.0296875 0.0203125
3 0.296875 0.4390625 0.0296875 0.0234375
3 0.24375 0.415625 0.0265625 0.021875
3 0.21875 0.4109375 0.025 0.0203125
3 0.19375 0.40625 0.0265625 0.0203125
3 0.19375 0.3890625 0.0265625 0.0171875
3 0.8375 0.4984375 0.0625 0.0453125
3 0.7765625 0.4578125 0.046875 0.0296875
3 0.659375 0.4671875 0.046875 0.025
3 0.81875 0.4046875 0.0984375 0.0609375
3 0.559375 0.434375 0.0375 0.0234375
3 0.6 0.4296875 0.0359375 0.021875
3 0.471875 0.4125 0.03125 0.0203125
3 0.509375 0.403125 0.0265625 0.0171875
3 0.4390625 0.3953125 0.0234375 0.015625
3 0.1453125 0.396875 0.025 0.015625
