3 0.146875 0.6421875 0.15625 0.1859375
3 0.2953125 0.521875 0.0671875 0.0953125
3 0.3234375 0.4421875 0.01875 0.0265625
3 0.5296875 0.4625 0.0296875 0.0390625
3 0.56875 0.4734375 0.0328125 0.0359375
3 0.403125 0.6515625 0.0671875 0.0515625
3 0.35625 0.578125 0.0484375 0.04375
3 0.4140625 0.5328125 0.0359375 0.028125
3 0.34375 0.4796875 0.01875 0.0171875
3 0.334375 0.4625 0.0140625 0.0125
3 0.359375 0.4609375 0.0125 0.0125
3 0.3453125 0.4484375 0.0125 0.0109375
3 0.76875 0.64375 0.0640625 0.053125
3 0.678125 0.5703125 0.0453125 0.0390625
3 0.6375 0.5140625 0.0265625 0.0234375
3 0.596875 0.515625 0.028125 0.025
3 0.5359375 0.509375 0.0265625 0.021875
3 0.5796875 0.5015625 0.0328125 0.0328125
3 0.5265625 0.4875 0.0203125 0.0171875
3 0.478125 0.4578125 0.0125 0.0109375
3 0.4546875 0.4578125 0.0140625 0.0109375
3 0.44375 0.4453125 0.009375 0.0078125
3 0.4296875 0.446875 0.0109375 0.0078125
3 0.4046875 0.4453125 0.0109375 0.009375
3 0.4203125 0.4375 0.009375 0.0109375
