3 0.5126306385734862 0.6832889269907982 0.26574708963168214 0.22821982122152562
3 0.13854165113289815 0.8043201934915197 0.2770833022657963 0.2776137854658309
3 0.24689981741264333 0.6215073066776581 0.26610228714217127 0.23290732122152563
3 0.35013340641962565 0.5143800750145475 0.20028711037760658 0.1840554909161442
3 0.24489072198139109 0.4405443491013127 0.15693892946385707 0.1448018012176462
3 0.10619968796271946 0.41438097758022463 0.21239937592543892 0.1662619551604493
3 0.28745765289514064 0.4078592659209934 0.13269594606059654 0.1117661606107628
3 0.4250993628531844 0.43796083835046706 0.15599173610255282 0.13230180121764618
3 0.6165056128531843 0.4535851936606976 0.16425452199532414 0.1593744842481845
3 0.5692619147179954 0.547989026841017 0.20907011452679142 0.17700826546195145
3 0.6407611742657651 0.38245949275231206 0.10914004689043359 0.1082904742462448
3 0.6820024035198406 0.3465218638143582 0.10963695435896632 0.09435552000387934
3 0.6420654103683179 0.26150926396413937 0.08153526514684692 0.07187474212409217
3 0.4799429960513078 0.31587841532186856 0.24479597220510563 0.2591191348570076
3 0.606399674890465 0.28611078017499686 0.07360436597668389 0.06967451333591956
