3 0.171875 0.771875 0.11875 0.1
3 0.28125 0.6671875 0.0828125 0.0703125
3 0.2890625 0.56875 0.05625 0.0453125
3 0.3171875 0.515625 0.0484375 0.0421875
3 0.2875 0.440625 0.04375 0.05625
3 0.340625 0.45625 0.046875 0.053125
3 0.86875 0.7109375 0.1890625 0.2140625
3 0.7171875 0.5578125 0.1015625 0.1109375
3 0.65 0.50625 0.053125 0.078125
3 0.5 0.54375 0.0890625 0.11875
3 0.5828125 0.7734375 0.11875 0.1078125
3 0.434375 0.459375 0.025 0.0203125
3 0.4578125 0.43125 0.021875 0.0171875
3 0.421875 0.434375 0.0203125 0.0171875
