3 0.07690955316698063 0.2076541422659517 0.08719208279171564 0.07587760339082213
3 0.5088356631510946 0.27859395843427415 0.11378185633066593 0.0786772717116218
3 0.24479470820040036 0.3546490744404901 0.1426432418823252 0.12217471463952716
3 0.4041912532497062 0.45042610897239344 0.1623478157455871 0.17773550992479734
3 0.2996559375041191 0.6160082595105127 0.20639782467404083 0.1969606989237615
3 0.6459700556059079 0.7986796341986718 0.2694160219140972 0.22955918320799568
3 0.7130383733800899 0.5398718684829061 0.19170803327818292 0.16036822745980875
3 0.9041467942418222 0.7450260570675853 0.16116714529089152 0.19953773531769164
3 0.28894194886490954 0.19954635152879535 0.10651482710967279 0.10956339867609244
3 0.955911260553307 0.24312110876299645 0.08288641233702024 0.09753427956950463
3 0.16201303043880919 0.0802611964425621 0.05369774431795715 0.03528683664159915
