3 0.8427432888704299 0.6866101452694975 0.11610466378737563 0.0654332945496865
3 0.6148266448228112 0.6049607589146779 0.04575259099298634 0.03482128121376711
3 0.6092973380675509 0.5820972148240333 0.03743944324473976 0.026371052425594323
3 0.24359439004244915 0.7223064662011591 0.0646422933370248 0.06278678454774678
3 0.27849792104097293 0.6021056654425548 0.03607720234403846 0.029368506667959694
3 0.32567330968992086 0.5935917927135188 0.033052331893687815 0.030675915152690792
3 0.3276759006829073 0.5623417927135187 0.022976425046142522 0.018973140606883553
3 0.31408377005352384 0.5440222274110468 0.016325906847545292 0.012212957576345395
3 0.18420650293466068 0.5818247295370786 0.026101425046142525 0.019228232122152633
3 0.21937204735141974 0.5424275186267534 0.016426036397194643 0.013775457576345218
3 0.3037668337486143 0.5231038205933058 0.018288925046142525 0.018590503333980025
3 0.3227671576227376 0.5176670215016914 0.011438147748246585 0.008705320303441687
3 0.47068422347729644 0.5257989016475932 0.014663277297895938 0.010522911818710767
