3 0.6197377238545956 0.6323104467272325 0.1370010720123153 0.1836033612399266
3 0.896363856368153 0.6197639531701402 0.15414312021691715 0.1758908551898024
3 0.7321660427436528 0.37541503123257963 0.09898292154477702 0.09432269262201594
3 0.6389341932111912 0.28689795277735675 0.0706761143631848 0.06290906615858276
3 0.7795773739293503 0.28295482046019116 0.07537270472226432 0.06449883723582168
3 0.28364672951193637 0.39208646428842997 0.11465337334017515 0.10222609621281205
3 0.1320751391528567 0.3945307291191528 0.11924996974937896 0.08662836729005097
3 0.10298760285211148 0.2915784459416656 0.09570338544042359 0.06774201190385672
3 0.229513741415793 0.2970921268562166 0.0831670240041051 0.06141928903121983
3 0.1892432654198981 0.2363909761922866 0.06277271077238851 0.0472386143631847
3 0.07845121116517198 0.2120363916869395 0.06901362041330891 0.04571247579950324
3 0.33654551229664015 0.16209898243880255 0.03619203005422929 0.04395907825883123
3 0.4005989219375605 0.16328877771653824 0.03461134933607006 0.04082498789975157
3 0.6253625726014904 0.2026047660090733 0.055014752926866174 0.05656816256778665
3 0.5333296087058439 0.17657859719477073 0.04564884328594587 0.058076120413308896
3 0.5786693797830829 0.1716274767814618 0.03927157825883114 0.03616475897699045
3 0.6178318737329587 0.15421271780447138 0.0376908975406721 0.03303066861791084
3 0.6913511869646751 0.13972297092772937 0.03453862646343318 0.02832498789975162
3 0.6911148376286051 0.18034797092772933 0.050263620413308986 0.045603391490547776
3 0.8943216508603218 0.16510372424737904 0.07209316861791067 0.037918156517662414
