3 0.527754756933887 0.582229591207509 0.13669199980360816 0.1344345421027846
3 0.6154552657144856 0.4104513057281466 0.08009656615858277 0.07309524881887378
3 0.38380581079582965 0.35292901552427863 0.07530907220870695 0.05574405771188111
3 0.36530579567051913 0.3106150299522489 0.05960225897699036 0.041135920688572546
3 0.13230239812984718 0.35155752159954645 0.22141243344863376 0.1967559820286507
3 0.7977677959651068 0.49000485255543647 0.2016271742752515 0.28667165389834964
3 0.7692847685431561 0.2840103128997226 0.08339428298109546 0.10289187622353531
3 0.8392750816766767 0.20267597814599955 0.037709078258831144 0.037247028855940556
3 0.5626671298812786 0.22014625345856106 0.06445338544042353 0.06942461179556503
3 0.7041733738311545 0.1980207383976186 0.01884999394987581 0.017842264427970277
