3 0.45285012902571664 0.8377532310900383 0.2141146572680402 0.2800346524473092
3 0.24609248877862325 0.7495952655026669 0.16375761452679144 0.16976501038216937
3 0.6722424369138122 0.6763284256307225 0.14825101369695445 0.17041745776545092
3 0.44595354666671894 0.5870328942724529 0.09843934523075966 0.10840330517696728
3 0.32565362467603903 0.5384372286003767 0.08693316016782511 0.07973227360693613
3 0.6071996226014467 0.5509119257013095 0.08548905933798814 0.0812037683452644
3 0.15918725247557777 0.5813164313865045 0.11491645020978143 0.10002936305535766
3 0.21084576347323986 0.510563586605824 0.09498245850815117 0.08331229991529554
3 0.2913979464615819 0.48308259968941647 0.07661096680652105 0.06668624203690499
3 0.2840124215664726 0.43557056285771356 0.061482874275053764 0.05180469468185826
3 0.3159611611935104 0.4178139154603146 0.04491068091374952 0.0383946420651398
3 0.35170848442894576 0.46383904700211076 0.05703217261537983 0.05465667889684287
3 0.5439202178322062 0.44364618629524044 0.0471835759347277 0.0478606473268119
3 0.5126827958415264 0.40023782053845974 0.04299298340326061 0.03361613680346807
3 0.4627536508205482 0.4067461547957965 0.042140878424238616 0.042900131541796324
3 0.4361552620233474 0.4263838206090469 0.05440408008391255 0.040503173635170954
3 0.3784019616084289 0.4222353759271885 0.04694677759440165 0.04473564732681172
3 0.4001944512354667 0.40388719432892256 0.04143048340326043 0.03352513154179615
3 0.35246642364106506 0.4434810443712749 0.057765878424238616 0.04381018415851479
3 0.33432099750120026 0.392988220707869 0.04143048340326043 0.03352513154179624
3 0.34109213837299357 0.3761192391237205 0.034706886722608396 0.026911110495108838
3 0.3618190354685641 0.3718335575254545 0.0334995842330974 0.03150760523343692
3 0.39163659003266754 0.38220191012805554 0.03830548340326043 0.03334312101845249
3 0.37513617426576495 0.35142234698799335 0.03494368506293437 0.030036110495108837
3 0.45232563629840106 0.3786743627024217 0.03482528589277152 0.028473610495108836
3 0.530758289617749 0.38952012841685013 0.03974958423309758 0.03187162628012441
3 0.5264143317342977 0.37435786000099863 0.031226689212119397 0.02204159997176509
3 0.5186493759254389 0.3629198310618035 0.023532588382282428 0.02314907366340595
3 0.46095527509560197 0.35799013637994503 0.026539189212119396 0.021768584186749606
3 0.5137017667972321 0.3453683100151161 0.023532588382282428 0.02314907366340595
3 0.5098906051795146 0.3231747915992646 0.019815592531467273 0.015154563140062204
3 0.49773414729606325 0.3075574968750539 0.014891294191141213 0.011756547355046632
3 0.4666617460513078 0.30339364164161686 0.03323947510489074 0.04860409997176518
3 0.47175106513755816 0.3397861679499762 0.021614890871793337 0.018370568401734032
3 0.42220042841494987 0.3620105074689848 0.029900987552445458 0.02507559471009326
3 0.40736833380889015 0.37134771011393813 0.026894386722608486 0.026456084186749607
3 0.4144946721911726 0.3497912285297896 0.026420790041956365 0.020206084186749608
3 0.4315288068391885 0.3217495285156722 0.018134693361304244 0.013501057878390376
3 0.44700044148720436 0.29361682323988286 0.016335395020978184 0.01028505261671846
3 0.563746543142234 0.4926675152203182 0.06340057178554268 0.056583199943530185
3 0.46507224480190795 0.4900591837349917 0.06207487012586874 0.05961719468185844
