3 0.8234375 0.6703125 0.2765625 0.328125
3 0.190625 0.4375 0.2 0.259375
3 0.571875 0.75 0.18125 0.1453125
3 0.31875 0.6875 0.1796875 0.1578125
3 0.1234375 0.6390625 0.1546875 0.1484375
3 0.49375 0.5703125 0.1390625 0.1171875
3 0.5546875 0.44375 0.1078125 0.0984375
3 0.39375 0.3703125 0.096875 0.084375
3 0.3046875 0.3984375 0.0671875 0.096875
3 0.484375 0.3109375 0.0921875 0.075
3 0.3453125 0.3046875 0.0875 0.084375
3 0.2296875 0.2734375 0.078125 0.0546875
3 0.3078125 0.215625 0.0703125 0.05625
3 0.3859375 0.2078125 0.0671875 0.053125
3 0.21875 0.1921875 0.0640625 0.0515625
