3 0.5194406597751197 0.8146555580043149 0.4503163313441522 0.2697215162812007
3 0.24702879152867746 0.6173457095200814 0.42295019454068405 0.22778632179912464
3 0.6119650048381489 0.477582683173657 0.3007419945971538 0.16218789800926353
3 0.261684283777344 0.4677927668470277 0.30248650512049746 0.16539478516439346
3 0.18884748130179985 0.3004138370642727 0.2635304209337479 0.1384294934412793
3 0.10212175504991035 0.22888631784239583 0.18495039462538868 0.12652263568479166
3 0.5877708287133162 0.27614633593261895 0.2742859104104042 0.1358777035271876
3 0.6914411312594476 0.3711489767057933 0.2860424577654509 0.1505134136130959
3 0.9120970880624164 0.30966700135473707 0.17580582387516727 0.13260886137453215
3 0.9149787998447081 0.21073485639769124 0.15637036831702958 0.11723616689245624
3 0.7708149020237862 0.6775085193334185 0.4492998629141832 0.27901462912607117
3 0.9560202997741211 0.6142217045432403 0.08795940045175783 0.1857471494796016
