3 0.9073332643284232 0.4261955555192644 0.18533347134315364 0.18579863466105592
3 0.6713293834667604 0.8038840127835079 0.21864212613895012 0.19319447241000381
3 0.4335563676817449 0.7909028300292176 0.2386661998023559 0.2157242368379741
3 0.5206497600998207 0.46570691178771584 0.2001651419239657 0.19722720798203355
3 0.9014245340596926 0.1897496240309187 0.10891851564384111 0.15661707694917476
3 0.5957282709055131 0.17517617022523638 0.14294490514873245 0.12505954210278447
3 0.23620759968941646 0.33414685462398896 0.17179794724210717 0.13854168874473985
3 0.10931668892607638 0.5784275895630465 0.16075403142885678 0.163105179126093
3 0.3292989050781452 0.20563496342432916 0.148193847270342 0.10809029691210785
3 0.7744062787274336 0.25782252303512676 0.07337585779368574 0.10859623920022674
3 0.8661574941030438 0.6952977303841882 0.12167612087727804 0.1882490228654909
