3 0.3456464587659709 0.7096798928110012 0.28351229491074026 0.31027137569213786
3 0.5987742928844899 0.4773026935492816 0.12152226842611089 0.11033432757475108
3 0.8867173329407405 0.1811226125784445 0.04662072177194432 0.03561612739018098
3 0.8607296143263422 0.30142581816168545 0.0691204383600926 0.061917811535622216
3 0.872321933741944 0.25633336365817866 0.05851512902925933 0.04725453423772628
3 0.7781816630067591 0.21922578500369339 0.05369092799249984 0.045391645588778215
3 0.7341090342603237 0.2482531485142137 0.07408134043361106 0.0653432001845701
3 0.7095478231387957 0.3049444370708766 0.0774797425071295 0.0686684592838688
3 0.7183289179077313 0.1478025655407918 0.08191296427907382 0.1015810888335181
3 0.7926946393968517 0.10984029302325785 0.05179623732333312 0.05925388648947964
3 0.29273961489198996 0.41574012569213803 0.3100939187562031 0.3477108189368778
