3 0.23477025718663608 0.7300273516550295 0.3162297576807463 0.24796943901162666
3 0.8033075825536894 0.7815797028858519 0.39338483489262116 0.2731129942004298
3 0.7473766729998864 0.6660740246713948 0.34148736291418336 0.28099542656407195
3 0.09158461540384484 0.40031838609790843 0.1431115051204975 0.1601823286340201
3 0.108287726040128 0.2829173985454631 0.17728908404557525 0.18610621120744356
3 0.37982806804879815 0.364352039617749 0.1991794945971538 0.1613196987598889
3 0.3529301810335686 0.5492248697016616 0.24934609456891899 0.1946775730349426
3 0.6950497915992646 0.4817116026807148 0.2676256577089813 0.21472996390673593
3 0.7721436416416169 0.4311419950024006 0.21359060509226263 0.19507939212119307
3 0.7107595496329469 0.3337826655431879 0.23758954721387227 0.17978627884380155
3 0.42803878391851835 0.2759514678322062 0.17719807878390342 0.18454371120744356
3 0.18930323663405887 0.2053708937715783 0.1504843893637168 0.1265177236549982
3 0.07930733937783427 0.09521648900233787 0.10591534200867019 0.10914004689043352
3 0.23442674985882567 0.13132881991144302 0.13945588410204496 0.12412642946385706
3 0.27668286831702943 0.08889194356179686 0.14450740514873237 0.1307316269743461
3 0.4420187129565355 0.1791589782051684 0.1548988735787013 0.12218542116548728
3 0.4831071735645838 0.08972870268535921 0.12733531570031092 0.10298513527271587
3 0.7090843865917066 0.21071201844761736 0.14902830517696727 0.10151772365499818
3 0.7007574051487324 0.06774326844761736 0.11999325256024881 0.08376153859206377
