3 0.2230410792181196 0.6669912035337737 0.12586061151914843 0.11512993776222676
3 0.292285286794465 0.6565165674358653 0.0825571506088231 0.07923905933798814
3 0.39067486043188665 0.6356731164008913 0.12015274545807202 0.10227474025173784
3 0.4518355010387701 0.6182972848670861 0.08163237939699589 0.08693316016782511
3 0.3261181528555413 0.6465029500092887 0.06473192182065049 0.0701241684661948
3 0.5076549374032882 0.5989445562377105 0.0841196506088231 0.07935745850815117
3 0.5507990305855472 0.5904225838321121 0.04652405575957417 0.05632177759440164
3 0.5999698542229688 0.5658495589370028 0.07346919303247787 0.06302206348717299
3 0.8022974998308221 0.5332300035477069 0.06683655575957417 0.057860966806520864
3 0.8037483005894266 0.5058270539626254 0.05344373545613266 0.0459762734452168
3 0.8057569528652395 0.4234406064521363 0.028220594849248926 0.02232528589277134
