3 0.2346774902117171 0.6504921898275335 0.11281251324684387 0.10353172249741008
3 0.19240568857510382 0.4761857026478151 0.05821429328391079 0.0588698858558109
3 0.2920783063611187 0.48090312779304023 0.05152778366526398 0.04607878742738745
3 0.23686501670540494 0.4538355136488511 0.04366071996293304 0.04415241439185813
3 0.3702925863981856 0.5193791228306415 0.06312004809323417 0.06533820967712849
3 0.3200594626217209 0.43904095947224064 0.041770837748947895 0.034704639784752266
3 0.6595137991047245 0.6353849966947404 0.09696925843752062 0.09655397642635144
3 0.7306844493748771 0.5181931885891885 0.0743849303072194 0.07522263192686936
3 0.5816120323145016 0.4986170508713507 0.05336310217691818 0.05396406203449331
3 0.5357935900263827 0.4258730636916324 0.03562996515360979 0.03753854135632899
3 0.5957142270496913 0.4074826286216098 0.03228671034428636 0.031142992142117087
3 0.5195882366683381 0.3985485843697968 0.028943455534962758 0.02474744292790545
3 0.5289830840359329 0.3528722113342675 0.01778770072563951 0.017988020678164497
3 0.4900842751429254 0.3500040765119139 0.01767857332097762 0.014863020678164496
3 0.40034716334736037 0.418141954509842 0.03557540145127884 0.035976041356328994
3 0.3413541092636764 0.4099698895798645 0.03702877404661713 0.032923815963434674
3 0.3579066922033009 0.3826796435088059 0.025709328130301135 0.021476893713693723
3 0.4061805010963083 0.3851111306885244 0.027271828130301046 0.0215496683207995
3 0.36793645663127117 0.3634929958661708 0.022420637023308564 0.016643844499481995
3 0.42122514773826375 0.35633115922457165 0.020858137023308566 0.016571069892376132
3 0.3776934025475872 0.3521188482235357 0.02080357332097771 0.015008569892376134
3 0.2699156188823232 0.40081752150673394 0.0747668762235354 0.08616013192686936
