3 0.6154002558880052 0.8104529635277773 0.296659013367271 0.2568371071419445
3 0.21802526921550544 0.8626590816876387 0.27956242003499837 0.2642495636389587
3 0.7130677859245943 0.5387214742613535 0.238228348026726 0.20236650626826425
3 0.6407228079646835 0.24517280243361056 0.10096361067790874 0.08514002583555565
3 0.7895506592934564 0.27529344747586737 0.12765338001272664 0.09669577488562506
3 0.5572819572724573 0.4353451671749996 0.1847033586887262 0.16675500816812522
3 0.41339614461332064 0.38324041935920106 0.14042610001590833 0.12042421561506948
3 0.08483424526577583 0.4955469297115277 0.14049882535009015 0.12667421561506947
3 0.05555801464036485 0.43849814912631935 0.1111160292807297 0.1073787017473613
3 0.2192643366088663 0.4205625006655901 0.12320223734881744 0.11689917211208342
3 0.32567851595322944 0.3368576882609025 0.1168431493475448 0.10737870174736122
3 0.252322831954184 0.3315357150463887 0.08997156667727228 0.08019795269729171
3 0.19073135128900204 0.3220347348980207 0.08363066000954503 0.0722399823325695
3 0.0817194306174568 0.36049978248506936 0.09157042934436313 0.08335932028847229
