3 0.5767065258508168 0.8604394487774891 0.20252607806243947 0.17618844301173803
3 0.2652008784083407 0.7464876549066686 0.1854476623713949 0.19403768430531051
3 0.3474219841873184 0.5149311177061102 0.1318863251355733 0.11625352103089917
3 0.1565879059284872 0.46900338478028053 0.13047836123992673 0.14273413387576941
3 0.24045384582002863 0.38592529115728713 0.08952610831306052 0.08435506784239584
3 0.13620670735454296 0.32188604534115867 0.07696247579950319 0.07276247060135788
3 0.19672605083688058 0.253204644391219 0.0659886143631847 0.06593926051544959
3 0.08261355386194266 0.2386331320667471 0.0597295240041051 0.06404921189493056
3 0.13006072560311144 0.20519319029820454 0.05969316256778665 0.057799211894930556
3 0.7054253817279904 0.5664957762308235 0.12871587334017515 0.10827724672063965
3 0.8172663306947182 0.4591104014001656 0.09419542759490156 0.08147572930778502
3 0.8981527163315335 0.4008685334669127 0.0894897468767418 0.07810506784239593
3 0.5989157856133742 0.3820621432595652 0.08948974687674216 0.07810506784239583
3 0.6872424874087723 0.3945012675243962 0.08318520472226432 0.06840251922187682
3 0.716580008584207 0.3359008734718615 0.09105224687674215 0.07818695499752568
3 0.6252373910977643 0.34204797489677097 0.07061248184962743 0.05524742198083885
3 0.5172976260706497 0.31452276119281813 0.0722295240041051 0.06470430913596861
3 0.4772857044276767 0.2835283887370094 0.05963862041330899 0.048424211894930555
3 0.043588977940802506 0.6458381224558087 0.08068743949875795 0.1760512449116174
3 0.04287188133520695 0.7910687353006789 0.07750789734428025 0.16651247060135788
3 0.5043931050916066 0.24433641395178007 0.04866475897699054 0.041601001809022264
3 0.6497874183233232 0.26601441937884707 0.04866475897699054 0.041601001809022264
3 0.22542322257804934 0.2187820567611194 0.05498748184962743 0.05442855042954129
3 0.2643720930895541 0.2012979856393632 0.05339771077238851 0.049659163274411534
3 0.3010544816532357 0.19697233378491236 0.047129530054229284 0.04620661465389255
3 0.19088459611461622 0.18885553934826485 0.04554884933607006 0.04299972749876284
3 0.6012453791939076 0.24550716756982474 0.03452044574527378 0.026801517412854546
3 0.6700362858097659 0.25614145239553376 0.04238748789975162 0.03658595318850324
