3 0.8994458481173879 0.7103348166311061 0.10637036831702958 0.11753792848861018
3 0.5941514033649424 0.718927535127475 0.1546412683452644 0.09193189273291544
3 0.4946974349349736 0.7177154636160853 0.07129814732681172 0.049362013335919566
3 0.42153295071998914 0.7190226142249084 0.08103716837349921 0.0563772878817268
3 0.09483800298377178 0.7748728410562271 0.18967600596754355 0.10650431788754577
3 0.09281641651912212 0.7559634733281608 0.10520271046687397 0.07079047424624481
3 0.20162997439751243 0.7299753160513779 0.05540013154179624 0.043399055759574166
3 0.1716162507058717 0.7246499583252515 0.032706084186749605 0.027550915152690793
3 0.13158278490673872 0.7178098980237493 0.018006547355046632 0.015465503333979846
3 0.30966998755169206 0.7172684087745951 0.05870714206513998 0.046779147274843245
3 0.269090490182528 0.719803348473093 0.034359589448421435 0.029240960910325242
3 0.2483152585983795 0.7160564662011591 0.029672089448421434 0.028858323637421534
3 0.23112775859837945 0.7174594695351391 0.024893584186749605 0.026913186364518005
3 0.3797549743975125 0.7154350996810409 0.04088260523343701 0.0344386439408634
