3 0.9719075963922977 0.640590065205324 0.05618480721540457 0.0491829346753633
3 0.874239677180763 0.6316246925525506 0.0619953889641522 0.05069089067472703
3 0.8928015694242756 0.5532360632161417 0.03732958163720568 0.026980670671545325
3 0.9429244001569701 0.5549980105426875 0.03593085594746519 0.030087489337999783
3 0.9760710928300238 0.5311605212046878 0.025900758706427496 0.017478401336727244
3 0.8653416327441157 0.5215048052196416 0.027463258706427497 0.01749658267027243
3 0.8707727611928181 0.5058070798854597 0.022611984396167628 0.014317038669636161
3 0.8352004313646347 0.5281093412237777 0.025982645861557074 0.01904090133672707
3 0.8216768419255128 0.5087235418921413 0.022775758706427496 0.017442038669636162
3 0.8038342446844748 0.4964235365611412 0.01628009724103805 0.01268181333545435
3 0.8224204703742153 0.49308036055859594 0.01940509724103805 0.012718176002545434
3 0.8023978974434367 0.48393262722791397 0.013073210085908116 0.011082950668363623
3 0.9815431648562913 0.516244045870506 0.027954581637205676 0.026871582670272433
3 0.5519065745126582 0.4774666405951852 0.019978307326946342 0.023655676002545433
3 0.6727867198083883 0.695725197247004 0.2232139292169281 0.2664987986950894
3 0.6985735345985665 0.4867041859086861 0.032887743102595124 0.031613626670909056
3 0.7183161465389256 0.4606774879058225 0.026064533016686653 0.020603401336727067
3 0.6754768713241549 0.4338155432447768 0.014799484396167805 0.014226132001908986
3 0.6632667983933764 0.42457690324636765 0.011510710085908116 0.011064769334818082
3 0.25635613636216026 0.6255250693030014 0.09850609905006032 0.06204656134627218
3 0.10657414235505407 0.5717653646562733 0.09538109905006031 0.06201019867918127
3 0.2675492639063516 0.5855267779678651 0.081980340343633 0.04467724801081765
3 0.38581126300184043 0.5599171559516385 0.06174972749876284 0.04600339067472703
3 0.3082661171402834 0.5420580412953654 0.05640713025772479 0.03344884667409058
3 0.34930719696846685 0.5196921452896384 0.03905585594746528 0.03012385200509069
3 0.5250441813646347 0.5317183359325485 0.0372476944820761 0.025418170671545327
3 0.608767406149864 0.5033837032543218 0.02277575870642732 0.017442038669636162
3 0.6294107767966504 0.4945445052514582 0.01948698439616763 0.014280676002545433
3 0.6490681795556124 0.4818081479153675 0.011510710085908293 0.011064769334818082
3 0.6585283887370095 0.46840871924732214 0.011428822930778538 0.00950226933481808
3 0.6594291474434367 0.4855962192473221 0.021377033016686652 0.020548857336090798
3 0.46135681761525327 0.5097893392743663 0.029271420171816588 0.022202264003817973
3 0.48204113183960445 0.5017313912715029 0.02738137155129756 0.01593408267027261
3 0.5283019781761313 0.48946720126513943 0.021377033016686652 0.02054885733609062
3 0.539901219469704 0.472134250596776 0.009948210085908293 0.011046588001272539
3 0.5696296630472689 0.4725700552594125 0.011510710085908293 0.011064769334818082
3 0.5728808158062308 0.4600246019255489 0.011510710085908116 0.011064769334818082
3 0.5320101543408416 0.4558098165977304 0.011428822930778538 0.00950226933481808
3 0.5466491864530173 0.45173084392904866 0.013318871551297563 0.015770450668363623
3 0.5586135979184066 0.4562819839274579 0.009866322930778538 0.009484088001272716
3 0.5653172992978875 0.4499501679265034 0.009866322930778538 0.009484088001272716
3 0.5608378392119793 0.439058121260367 0.009948210085908293 0.011046588001272718
3 0.5778991864530173 0.4513672172581398 0.009866322930778538 0.00948408800127254
