3 0.8984375 0.6671875 0.1109375 0.084375
3 0.721875 0.6046875 0.065625 0.0578125
3 0.6078125 0.571875 0.0484375 0.0484375
3 0.3 0.7484375 0.1125 0.0640625
3 0.20625 0.5765625 0.065625 0.04375
3 0.3265625 0.5546875 0.05 0.034375
3 0.434375 0.5140625 0.03125 0.0265625
3 0.5421875 0.46875 0.01875 0.0171875
3 0.4046875 0.4828125 0.025 0.0203125
3 0.3625 0.48125 0.028125 0.01875
3 0.4546875 0.46875 0.0203125 0.0140625
3 0.4140625 0.4671875 0.0171875 0.0140625
3 0.396875 0.45625 0.015625 0.0125
3 0.5359375 0.4484375 0.0140625 0.009375
3 0.6125 0.4546875 0.0453125 0.046875
3 0.4171875 0.4375 0.021875 0.025
3 0.434375 0.4515625 0.0140625 0.0125
3 0.5265625 0.440625 0.0125 0.0125
