3 0.975 0.7546875 0.05 0.0953125
3 0.734375 0.7140625 0.1359375 0.115625
3 0.70625 0.5828125 0.1046875 0.09375
3 0.8859375 0.565625 0.109375 0.09375
3 0.953125 0.5015625 0.09375 0.065625
3 0.775 0.48125 0.0890625 0.078125
3 0.9078125 0.446875 0.0828125 0.0609375
3 0.9765625 0.421875 0.0453125 0.0484375
3 0.9375 0.384375 0.0671875 0.046875
3 0.825 0.378125 0.059375 0.0421875
3 0.86875 0.3515625 0.059375 0.04375
3 0.753125 0.4296875 0.0734375 0.053125
3 0.603125 0.39375 0.059375 0.0484375
3 0.7203125 0.3828125 0.0671875 0.053125
3 0.7546875 0.334375 0.05 0.0375
3 0.7765625 0.3015625 0.040625 0.0296875
3 0.834375 0.328125 0.053125 0.040625
3 0.6671875 0.3484375 0.0515625 0.0359375
3 0.5671875 0.346875 0.0515625 0.040625
3 0.6515625 0.3125 0.040625 0.034375
3 0.6828125 0.2953125 0.0375 0.03125
3 0.7625 0.2875 0.0390625 0.028125
3 0.7421875 0.2765625 0.0359375 0.0296875
3 0.7140625 0.2703125 0.0328125 0.025
3 0.615625 0.2921875 0.040625 0.03125
3 0.590625 0.2703125 0.0328125 0.0265625
3 0.5625 0.2484375 0.0265625 0.0203125
3 0.0703125 0.6734375 0.1375 0.1109375
3 0.34375 0.5828125 0.1046875 0.09375
3 0.1890625 0.5453125 0.103125 0.1
3 0.3796875 0.5015625 0.0890625 0.075
3 0.234375 0.4859375 0.0859375 0.071875
3 0.4234375 0.4125 0.06875 0.0578125
3 0.3 0.3890625 0.059375 0.05
3 0.1359375 0.425 0.0734375 0.06875
3 0.0640625 0.40625 0.06875 0.05625
3 0.0609375 0.3796875 0.0578125 0.034375
3 0.140625 0.340625 0.0328125 0.0453125
3 0.203125 0.340625 0.0984375 0.1328125
3 0.3234375 0.3484375 0.0515625 0.0484375
3 0.4125 0.365625 0.053125 0.0453125
3 0.4171875 0.33125 0.046875 0.040625
3 0.4203125 0.3109375 0.0421875 0.028125
3 0.328125 0.3171875 0.0390625 0.0328125
3 0.2609375 0.3265625 0.0234375 0.040625
3 0.2640625 0.3015625 0.0296875 0.0328125
3 0.3484375 0.2921875 0.0390625 0.0390625
3 0.359375 0.2671875 0.0328125 0.0328125
3 0.4265625 0.278125 0.0328125 0.028125
3 0.4234375 0.25625 0.0296875 0.021875
3 0.29375 0.2734375 0.03125 0.025
3 0.2234375 0.265625 0.0375 0.01875
3 0.24375 0.2640625 0.0265625 0.025
3 0.3171875 0.2515625 0.028125 0.021875
3 0.8359375 0.64375 0.0484375 0.1125
