3 0.8319767856489986 0.6850519023809503 0.2601637176006804 0.21778348704318998
3 0.37562509272790745 0.6665333513289028 0.22153772721932724 0.22778024830195703
3 0.5089881750345597 0.5616782657345871 0.17862105172143145 0.1595518800110746
3 0.7463269400106842 0.362464305989293 0.10865080290255769 0.07555880937615385
3 0.44191720380568233 0.2778329942967874 0.06876984736759476 0.04961807063492074
3 0.48719249827071953 0.25144167258213235 0.057614092558271324 0.04266716378737563
3 0.23519597785229945 0.3224002244001471 0.08510417549789598 0.07093186613141408
3 0.14252732821511915 0.33695168260428165 0.08247024881887369 0.08479410703211539
3 0.10485122422410235 0.24462328269656677 0.055034729581579976 0.05809190468807692
3 0.1778621382892529 0.2501235086378733 0.05799603847458741 0.05360466378737563
3 0.23092265090312467 0.22245028917497173 0.04823909255827141 0.0420663864894796
3 0.1647520138798161 0.21103073026024327 0.03891865626060227 0.04302810919158375
3 0.10007938947037927 0.17524222702104073 0.0340674651536097 0.03804022054263574
3 0.20533980834485327 0.1849397971945362 0.032395837748947984 0.03481509099298643
3 0.30453127649368783 0.17780032079180433 0.030560519237293703 0.026902461443337078
3 0.4062401094333124 0.19790446483942312 0.03535714664195542 0.030327850092285048
3 0.1364335517214313 0.14002661782945705 0.030451391832631992 0.02377746144333708
3 0.16850200725639414 0.1614615268364706 0.0321230192372937 0.02700259099298643
3 0.3871528035355299 0.1670247046603903 0.02732639183263199 0.023577202344038463
3 0.5624355457309815 0.18632900987449103 0.05399801923729371 0.028404404688076923
3 0.557566996456621 0.20386696329826362 0.05103671034428636 0.03289164558877831
3 0.19297372840045363 0.1223093892672568 0.02716270072563942 0.018889702344038462
3 0.3075372254052287 0.15176874691768102 0.022584328130301135 0.02171431369509049
