3 0.6945252849260031 0.7483760480043526 0.18219539734428025 0.17729530788560605
3 0.13357310762568947 0.5229436792375163 0.14293290944452863 0.13973166394474285
3 0.8314975232185382 0.5120882484536964 0.09109769867214013 0.08864765394280312
3 0.7063515565924172 0.36285313618564186 0.05181703005422946 0.047959010001939716
3 0.5350123668972675 0.3346318966466234 0.05028180113146803 0.05251896424430509
3 0.6590265838179761 0.2893357589146779 0.03928975897699054 0.0422511439408634
3 0.5046168606507516 0.4840578117993141 0.05992042154477702 0.09859673879011233
3 0.7002060957218328 0.38133206921618 0.03624657220870695 0.05605855242559432
3 0.6343947433607007 0.35465774103683045 0.029942030054229286 0.04617336939505616
3 0.4126924601832133 0.40245673862093445 0.09261474687674198 0.08096269970043757
3 0.4586771258742579 0.3799441387707157 0.06908634328594587 0.06342451333591956
