3 0.8109798286295433 0.8316140830596332 0.27466571345960344 0.24355777879787083
3 0.3602211418616855 0.6998234963761559 0.23904654844057555 0.2484367263722767
3 0.5030042080595771 0.6304990247149851 0.19099636760421673 0.17755039940087514
3 0.7575431749420408 0.4947679162399525 0.11405718281352506 0.08561824879205204
3 0.463754729771226 0.3360794739563807 0.07241351087441501 0.057302059093554014
3 0.5114600593149905 0.32206464244305133 0.059595175893442945 0.048469193032477875
3 0.25476173174839234 0.328363342433353 0.08892984882113648 0.08045251666989942
3 0.16097989825029513 0.31992934697528086 0.08943918479069154 0.09295251666989941
3 0.13356321098814566 0.22035991061076282 0.06016817885919248 0.06253169303247788
3 0.20535729794628396 0.2433507425831342 0.061603344866803675 0.059534238790112326
3 0.26087512749004843 0.22997363985797747 0.05015650889724856 0.04614141848667064
3 0.19592128954332697 0.20286926379496154 0.04234400889724856 0.04550368969849785
3 0.13460444615939804 0.15036627500484917 0.03752917490485981 0.04199605242559432
3 0.23884361859279987 0.1861280450087285 0.035839340912471054 0.03874350666795978
3 0.33769495406806344 0.20431967773970422 0.03239600593149898 0.030675915152690702
3 0.43687921197672885 0.2497912875918627 0.03714717292769336 0.03262105242559432
3 0.174864690227899 0.12562123758216434 0.030706171939110273 0.027423369395056164
3 0.20485327916320362 0.15454333409840326 0.03395850593149898 0.030803460910325244
3 0.4214160380604522 0.2142683757731519 0.027517504942915848 0.025605777879787083
3 0.5929527984405756 0.277325840476499 0.055960839923887916 0.035714101517208795
3 0.5865582184025195 0.2923768845671435 0.052963173916276675 0.038584010001939714
3 0.23235885524692704 0.12252793061464215 0.028952670950527094 0.022608323637421622
3 0.34367569863085595 0.17911238364905963 0.02432883794672147 0.02378818636451805
