3 0.08783351393063848 0.813286316060387 0.12769933674699835 0.10070904800821019
3 0.4305593402248803 0.7926163095192834 0.10269933674699824 0.10056360226293641
3 0.6511811953171429 0.6141514628154919 0.10546031570031093 0.09433178298109546
3 0.6407658820359063 0.4843594236860763 0.08294827886860787 0.08326701795398073
3 0.17368625589695635 0.6676425388348279 0.10647678413027983 0.08496587334017516
3 0.3001871136906421 0.5620924964839585 0.10326077886860804 0.08338519262201594
3 0.38289246885349193 0.45706917407885983 0.09150423151356132 0.06925906010845857
3 0.48035827403045916 0.3669805052645573 0.08837923151356133 0.06924087939029935
3 0.6086036423474885 0.2583145532727674 0.07662268415851478 0.055114746876741984
3 0.9622361475385734 0.18456499852706204 0.05805469468185862 0.05813066256778661
3 0.8813424633094714 0.16455650467538213 0.061179694681858264 0.05814884328594587
3 0.057241479518009966 0.6005363311856975 0.10731124203690505 0.07247496369925485
3 0.0976613531672984 0.5640402949831481 0.1511522472985769 0.07429199375348397
3 0.13435698733993057 0.5243965328828997 0.15280575256024878 0.07586358411256384
3 0.16498463203590638 0.4815914093463328 0.12845819994353028 0.06010222872636941
3 0.20371320306847637 0.46071582796424354 0.1382882262518895 0.06796927088084707
3 0.2397718004094056 0.4320095658639952 0.13837923151356132 0.06953177088084708
3 0.2797366477503348 0.4033260296614459 0.12404371572854575 0.0647624576491305
3 0.315013995091264 0.3746152223816576 0.13002069994353027 0.060111319085448936
3 0.4988338001976441 0.210785047419035 0.1266226841585148 0.0554056383672898
3 0.45735966076334006 0.25196403844204457 0.11586719468185844 0.058467005853732525
3 0.33669157401634175 0.35129589704969266 0.13425317363517095 0.052326090162687855
