3 0.4669608479729643 0.6751228905951852 0.14429538708777745 0.13279541335136286
3 0.25037823218601973 0.6261330492918655 0.1515802067862034 0.16253745735199915
3 0.3335303591890286 0.4339540926161842 0.09175685598499986 0.08535679201145392
3 0.4468307330344915 0.3967348086012303 0.08298744872768501 0.07432838534372684
3 0.47618533383569506 0.3199086792648213 0.07054623732333329 0.05701361600890866
3 0.39274740871791725 0.2834177432765935 0.06572203628657398 0.055396572008272395
3 0.5926606428837045 0.38020928524827663 0.08775286116879606 0.09311474801081765
3 0.4172778084823615 0.20820865794082088 0.0488667269557407 0.04115225867281787
3 0.37913255098949106 0.14465523528009333 0.033573917624907336 0.02692612667090888
3 0.4863005020262502 0.1418473139322304 0.030585618661666557 0.02845226400381797
3 0.5444937108387039 0.12790244525782163 0.03031221658814811 0.025327264003817972
