3 0.3316850146456277 0.7959552006285927 0.169047993521595 0.12843517735518084
3 0.09439696328903839 0.7166238786600913 0.10428458667404979 0.11675224267981754
3 0.23544346544850675 0.6727636959739103 0.1310077729789592 0.09520450668363552
3 0.636721770505724 0.8588615439210946 0.17984579117755645 0.10201812802354446
3 0.8145068090623868 0.8270831905633684 0.19524954811738696 0.14747607869190774
3 0.9215260568290894 0.8929707252148692 0.15694788634182116 0.09883858402290784
3 0.6755468337393891 0.7082979225811858 0.15266152991878953 0.14073518268618096
3 0.5995257518457013 0.6810365359245945 0.09134449568106326 0.08537497334499947
3 0.45181943707087663 0.6819734219446388 0.1493968275747511 0.11415450135263541
3 0.5511395141842025 0.6213984539306395 0.11321949568106326 0.08562951201463562
3 0.367736728866742 0.5899137386219111 0.11976988433001132 0.09038973734881743
3 0.19780496066814476 0.5856364133115919 0.11341975478036197 0.08875451201463562
3 0.15994641039128954 0.4828750399825008 0.12818316162790727 0.09985564401654479
3 0.49887730490033366 0.5500779846037757 0.12768251387966068 0.09204314401654479
3 0.9622949506459954 0.5109752905395059 0.07541009870800934 0.08224997334499946
3 0.9260825501199715 0.4575417552116875 0.08203005243632333 0.061846566677272105
3 0.8948337476836482 0.39692242854873266 0.06620479333702498 0.058539753341817755
3 0.8794998419158372 0.36504571988386897 0.06404151603912922 0.049146572008272396
3 0.8858406770487275 0.329789472549369 0.05729086829088246 0.04126134667409058
3 0.884619336055741 0.2985303818825963 0.05895349784053181 0.042842028007636035
3 0.937204115513105 0.26508153520850575 0.05582849784053181 0.042805665340545127
3 0.967903402990034 0.25612415853759685 0.053965609191583754 0.038099984006999675
3 0.990130053977483 0.44098041653409703 0.019739892045033968 0.05835794000636341
3 0.9826534669942788 0.3980934825350515 0.0346930660114424 0.0491102093411814
3 0.9798492408222597 0.3700048452021424 0.04030151835548068 0.04600339067472685
3 0.983269982262828 0.33869121053473333 0.033460035474343994 0.03811816534054504
3 0.9863751958656334 0.312855416534097 0.027249608268733284 0.03648294000636332
3 0.9918241594684389 0.28934519119991525 0.016351681063122216 0.039462489337999784
3 0.4790573557954977 0.46039786660568466 0.08379281153562204 0.06498974801081765
3 0.31623718074935514 0.4450921346276381 0.09160531153562221 0.065080654678545
3 0.15394793182908934 0.42587106198281893 0.08455427513842757 0.05250792934436319
3 0.06256266578996036 0.37846080732813664 0.06418121838316741 0.07569089067472685
3 0.18284488741233026 0.3887886853119101 0.0850549228866742 0.06032042934436319
3 0.193553047499078 0.33628130331000106 0.08056768198597286 0.06339088534372675
3 0.12030651218161763 0.3035148039863188 0.06922966378737554 0.05701361600890866
3 0.10568400524178731 0.2583386639879096 0.08309190468807692 0.05405224801081765
3 0.14606917334809952 0.22972276798218266 0.06384125693983034 0.04602157200827239
3 0.2252955983942421 0.24600120130491038 0.0717538864894797 0.04767497867599957
3 0.184811498301957 0.2120716439767738 0.055628238741233016 0.03968066534054513
3 0.2593492257844231 0.2893875746340015 0.07517927513842756 0.052398841343090474
3 0.3251349120893326 0.26673077729154737 0.06676599784053164 0.0429329346753633
3 0.39071914173126693 0.30193193328295687 0.0670663864894796 0.04762043467536321
3 0.46326357263750567 0.38474388594050274 0.07225453423772628 0.05548747867599957
3 0.34505499074381785 0.35797339528963834 0.0686288864894796 0.04763861600890866
3 0.32245809993540153 0.3957642966263655 0.08172966378737553 0.05715906667727229
3 0.48888533389627253 0.34535412193668474 0.06892927513842757 0.052326116008908664
3 0.49751985425433815 0.30928935260186663 0.06051599784053181 0.04286020934118149
3 0.5481416155131053 0.2696086872613215 0.05915375693983016 0.04596702800763595
3 0.6009464404669627 0.2517939312540037 0.054065738741233105 0.039662484006999676
3 0.5444065437984502 0.2235240279280942 0.0538654796419344 0.036537484006999674
3 0.4538618869509049 0.2136319546069573 0.0538654796419344 0.036537484006999674
3 0.3937754881229242 0.22762227661522966 0.05915375693983034 0.04596702800763604
3 0.3046932017257296 0.2161495219605473 0.05925388648947969 0.04752952800763595
3 0.30805923118309386 0.1832733872931382 0.05981509099298643 0.031922709341181486
3 0.3699980266795871 0.19818931528486589 0.06364099784053164 0.04289657200827235
3 0.6356323210963462 0.23184451058245842 0.05240310919158375 0.03808180267345422
3 0.22375408235511313 0.19754551997136496 0.06364099784053164 0.04289657200827235
