3 0.1483782437958137 0.6986341664082693 0.2967564875916274 0.36101185533407226
3 0.7760230065331624 0.47271053284422504 0.23118357006615664 0.2808051187523077
3 0.3887426197550437 0.7814115977759333 0.1998793037225118 0.16680317550756776
3 0.6432058806508071 0.722382260945 0.19930014951546723 0.1807655459579184
3 0.840271904788122 0.6761545103266912 0.17342606436617344 0.16666347316352947
3 0.4703307453852976 0.6022235479605034 0.1556158514929388 0.1344121776670363
3 0.41093895591274376 0.4752116625507579 0.11992972376899794 0.11345932757475126
3 0.5737063897049849 0.4032434322905146 0.10935285668871889 0.09567105027685514
3 0.6626924800500589 0.43248844617017523 0.07886768119435103 0.1046059592838688
3 0.48378051223314567 0.34254815931155536 0.10099405347041035 0.08735790252860856
3 0.6237717277042704 0.33817843923034496 0.09841535668871888 0.09497014342931002
3 0.739675233152152 0.3079378315799207 0.08540190445914586 0.06458173658176473
3 0.662921345036651 0.24965615977298067 0.07758940445914604 0.06408108883351815
3 0.5842882466458053 0.24069336751568998 0.07268338317182241 0.060655700184570095
3 0.7523880366225623 0.2271384145533427 0.0694491225281606 0.058892941085271475
