3 0.1346819886853185 0.47395587302565384 0.17610902380771334 0.2038857070582587
3 0.1779330606976338 0.28794659543125223 0.12726245764913058 0.12990283278320494
3 0.5969779764868741 0.3397501682424803 0.16197380093507655 0.19032011452679143
3 0.5854551900879331 0.1727286116037845 0.10686814441741391 0.11430114357108563
3 0.7302182442444634 0.12193293836370478 0.10682269262201594 0.10648864357108563
3 0.5805227712736306 0.08095550869935508 0.08006929508134401 0.07166335767831425
3 0.8845108345053472 0.04386437010264692 0.04262383723582168 0.07819677759440165
3 0.9160693858332071 0.12268718711430493 0.04896474082661797 0.09429537427505377
3 0.5861666997522946 0.5873355632634585 0.12163060206654457 0.23567923610255298
3 0.1137665424490653 0.17645391099301774 0.07540906615858281 0.07599566016782511
