3 0.630432679929105 0.2936362983901514 0.30047868778015674 0.24493162613590122
3 0.21328463235724518 0.3653380938803094 0.24515469028743925 0.2205095148871962
3 0.07177806010827213 0.1957983434660247 0.14355612021654426 0.17715331306795062
3 0.736981859791703 0.14433831162471772 0.22646687476889085 0.16814649420903174
3 0.5351525868304494 0.1092677605484792 0.2055633413827959 0.1468879243166556
3 0.2776666957642226 0.13686418341739276 0.1641654515702104 0.1184332845319033
3 0.7629426177092619 0.06347803329355824 0.21006898495630502 0.12695606658711647
3 0.567408808854631 0.03466813668438039 0.15893238229073817 0.06933627336876078
3 0.7047269524281402 0.03800715240014609 0.18429609514371953 0.07601430480029218
3 0.39104488565595047 0.07462954900932393 0.14844952335696499 0.11458053846084473
3 0.4109996844814515 0.041413673387896796 0.15741534639736088 0.08282734677579359
