3 0.48824303760816185 0.7617843280101717 0.22722744183926089 0.2969061772806622
3 0.275340490182528 0.7192931654425548 0.17241957352223158 0.18357725879399175
3 0.6936494163779477 0.559186131184672 0.1567945735222315 0.18230180121764636
3 0.4596531189523139 0.5184168363451214 0.10324536831702957 0.11728283697334127
3 0.3357374768165869 0.4966530198347014 0.09057876834526431 0.08670251666989941
3 0.6167900557416646 0.4503848292181196 0.08910727360693613 0.08813747091226495
3 0.17341251108804107 0.5736614142346068 0.1199778420086702 0.11087334030732095
3 0.21849676890996167 0.49378272453610883 0.09857327886860805 0.09046524545807202
3 0.29728889782092194 0.44925173241201666 0.08038472099021768 0.07187474212409217
3 0.2850843004094056 0.40515091710954476 0.06403167889684287 0.05809928454774695
3 0.3160458740728115 0.38085254771448857 0.04602513154179624 0.04263378121376693
3 0.3550859872693434 0.41809758513717343 0.059435184158514696 0.05927914727484325
3 0.545179637226991 0.3582608442210291 0.0496961631118273 0.05226387272903601
3 0.5099092661379514 0.323040692404258 0.04418961575678075 0.03781873545613248
3 0.46074372404457653 0.3394946108909286 0.04308214206513981 0.04550368969849785
3 0.43672239511949884 0.36478152437662936 0.055491136803468066 0.04496155575957417
3 0.37877338722699105 0.37184446740910715 0.04951415258848364 0.04913887272903601
3 0.39792520562872513 0.35006519119631 0.04253611049510884 0.03612868969849785
3 0.3546610530402415 0.39869388089480795 0.058798147326811726 0.04834164727484325
3 0.3316554635212329 0.3531421358957777 0.04253611049510884 0.03612868969849785
3 0.3373895240304592 0.33479074862287417 0.034359589448421435 0.029240960910325242
3 0.3573302977079825 0.32616517665244243 0.03463260523343692 0.03392846091032524
3 0.3874350266612951 0.329928034378569 0.039411110495108835 0.03587359818322886
3 0.36871511874055246 0.304242379227818 0.03610409997176509 0.03249350666795978
3 0.4482283134929981 0.3140800227096394 0.03601309471009344 0.03093100666795978
3 0.5270435582313262 0.30920146194909537 0.04088260523343692 0.0344386439408634
3 0.5217036108480446 0.2940866449796335 0.032524073663405775 0.024425915152690703
3 0.5129201450489116 0.28469566952544073 0.024802578925077867 0.025350686364518003
3 0.454925634525568 0.29253986255791853 0.02783657366340577 0.024043277879787085
3 0.5060632002964661 0.2689271483136134 0.024802578925077867 0.025350686364518003
3 0.5002605213290361 0.24840735422296883 0.02122255261671846 0.017283094849248927
3 0.4870170686840827 0.2354927660416796 0.016353042093374803 0.013775457576345396
3 0.4557670686840828 0.23804368119437033 0.035633663111827474 0.05111596091032524
3 0.46387570029646613 0.27237088376974583 0.022967063140062294 0.020535640606883555
3 0.4161438555863729 0.3042584836199646 0.031143584186749607 0.027423369395056164
3 0.4030068187546699 0.31621634968104095 0.026456084186749607 0.027040732122152543
3 0.40818714241807574 0.29402248528695457 0.027745568401734033 0.022480777879787084
3 0.42241624238984093 0.2633146192258783 0.01956904735504672 0.015593049091614474
3 0.43508284236160605 0.23273429892243652 0.017824536831702886 0.012340503333979846
3 0.5690574820076716 0.402186316341242 0.06586719468185845 0.0629143303053814
3 0.47080969780680454 0.42031417619340045 0.0644867052052021 0.06591178454774678
