3 0.2206894012816428 0.6015191844408634 0.12624507458692208 0.26620039462538864
3 0.3107911339432657 0.25400017135727093 0.12964289309857638 0.27419490514873235
3 0.554689956083117 0.14623536105980617 0.05127481252120454 0.0840711631118273
3 0.6120485882971021 0.1335386690087837 0.047385920688572544 0.06201415258848364
3 0.593286175413078 0.2242924716255022 0.052891876223535306 0.08572466837349912
3 0.5288417294967619 0.23896118735404798 0.05779763103285873 0.0922476841585147
3 0.5576537210592415 0.3292830794897751 0.056289694735189674 0.09371917889684286
3 0.5295609481937507 0.4416311610456887 0.05272818511654283 0.08103716837349921
3 0.4952975647986392 0.3734572846949772 0.053055567330527964 0.09041216837349922
3 0.4682588604448027 0.47794736362005497 0.05111112141421188 0.07938366311182729
3 0.5083183760538994 0.5364277215549149 0.05467263103285873 0.09206567363517096
3 0.43293394093735654 0.618784466222656 0.05439981252120454 0.08425317363517096
3 0.4781993117185963 0.6621480583725006 0.057906758437520446 0.09537268415851478
3 0.4505976121740833 0.7604336399284142 0.05790675843752062 0.09537268415851478
3 0.40932033694633974 0.71449878462439 0.04949405771188111 0.07773015785015538
3 0.3872965148064884 0.8093408477644524 0.05078373920022683 0.07000866311182748
3 0.4347245863133676 0.8354259346526248 0.03713790145127884 0.036468121018452496
