3 0.9140625 0.615625 0.10625 0.090625
3 0.9140625 0.4671875 0.0953125 0.071875
3 0.9125 0.3765625 0.0671875 0.0515625
3 0.9015625 0.3265625 0.0546875 0.0375
3 0.859375 0.290625 0.0625 0.0375
3 0.9328125 0.2734375 0.05625 0.040625
3 0.846875 0.221875 0.0453125 0.0265625
3 0.778125 0.20625 0.0375 0.028125
3 0.815625 0.190625 0.0296875 0.021875
3 0.7515625 0.18125 0.0265625 0.0203125
3 0.85625 0.18125 0.0296875 0.0171875
3 0.796875 0.171875 0.0296875 0.015625
3 0.5453125 0.7125 0.2125 0.20625
3 0.178125 0.7625 0.2359375 0.2359375
3 0.084375 0.6828125 0.16875 0.328125
3 0.19375 0.5984375 0.06875 0.1078125
3 0.3515625 0.6578125 0.1296875 0.10625
3 0.2421875 0.58125 0.09375 0.0890625
3 0.328125 0.5390625 0.1125 0.0796875
3 0.35 0.4796875 0.115625 0.0765625
3 0.478125 0.5890625 0.1203125 0.0875
3 0.6625 0.5875 0.128125 0.1015625
3 0.490625 0.51875 0.1203125 0.0703125
3 0.70625 0.4875 0.0921875 0.06875
3 0.4234375 0.440625 0.1015625 0.0609375
3 0.4671875 0.409375 0.0796875 0.0578125
3 0.5671875 0.4671875 0.09375 0.06875
3 0.5921875 0.4171875 0.0640625 0.059375
3 0.728125 0.415625 0.0609375 0.0578125
3 0.7390625 0.3703125 0.053125 0.04375
3 0.7359375 0.3390625 0.059375 0.0484375
3 0.61875 0.3828125 0.0609375 0.0765625
3 0.49375 0.3671875 0.0703125 0.053125
3 0.5125 0.340625 0.059375 0.05
3 0.71875 0.3078125 0.0515625 0.0375
3 0.7296875 0.2890625 0.053125 0.0390625
3 0.553125 0.2625 0.0546875 0.040625
3 0.70625 0.2359375 0.040625 0.034375
3 0.546875 0.2140625 0.053125 0.071875
