3 0.1454235250842596 0.6471329164274032 0.2776169816532356 0.1909077753125615
3 0.3115530400131784 0.5546304139803325 0.1726022287263694 0.13100200725639422
3 0.422595079142594 0.5327876411148418 0.08166815651766246 0.07471231252120454
3 0.479839952580965 0.4940773159797656 0.09092498184962743 0.0547271947351895
3 0.12784111534514336 0.581354149004208 0.22868860226293633 0.10484130054030487
3 0.9620757356602564 0.4420881638106966 0.07133971057599667 0.17901786660488844
3 0.8246711844305924 0.43048351961581177 0.09884656615858275 0.07375001324684405
3 0.7238217567374953 0.445721628416152 0.09104315651766229 0.0750396947351895
3 0.8716825398167867 0.4054091085458862 0.04241475897699054 0.04053571996293304
3 0.931947874125742 0.3845584060061482 0.039289758976990184 0.04042659255827141
3 0.8811257175098838 0.39336297633190104 0.03301248789975162 0.035520837748947896
