3 0.5507069382814037 0.6883427989901689 0.18541668874473985 0.16510789129415607
3 0.34900553982534976 0.61840806977282 0.166230179126093 0.15249880698520074
3 0.269732212876175 0.5188489521881815 0.13367065027015243 0.11481699980360816
3 0.42379223029937013 0.49998025663929935 0.1400843413771451 0.11954086123992677
3 0.38834331442012104 0.44705069935951114 0.10768850362819711 0.08654655405833438
3 0.6039236744015877 0.46689452498606376 0.13232640507947585 0.12105790944452863
3 0.5885045163268868 0.3833734978587007 0.1108135036281972 0.0865647347764936
3 0.8090005548014743 0.43210084758755424 0.12073414065150559 0.10224427693097127
3 0.7658457771266601 0.3151406065645446 0.09486112141421188 0.07709883118569749
3 0.740344780121885 0.2785627571302787 0.0960416754978958 0.0661704215447771
3 0.13542913474587387 0.4993136778894889 0.13134425843752054 0.09293290944452863
3 0.05601445325752814 0.5075897862025494 0.0795089399258662 0.0848204275949012
3 0.36169647966639795 0.3776603499252452 0.11517362141421188 0.07721700585373252
3 0.41662702712666 0.3171723018188392 0.09097222958157988 0.05520565046753827
