3 0.12300043892215835 0.6202847289075508 0.2460008778443167 0.24409256410140792
3 0.4367019699715232 0.6036260376322753 0.2116307954530477 0.22842902274507892
3 0.4720509090939048 0.45984180438149824 0.16996940097293473 0.16716188296032666
3 0.6955020458633799 0.4694673231976358 0.180934174511885 0.1692338052100677
3 0.6975536952147567 0.5758992597154006 0.2159364659077429 0.2067723465663967
3 0.7359871294691699 0.7481402868037057 0.26050467207625305 0.2556850355653605
3 0.44202999269639937 0.25358965032872227 0.12230346834337472 0.11966614474715102
3 0.7147095620954345 0.22015868196514146 0.10004663879807012 0.09677230024766903
3 0.7410050551955755 0.1471043256788352 0.09050799756436803 0.08696065260503386
3 0.7579567759745822 0.1166184590534467 0.08716480925276535 0.07431510339082212
3 0.6545317670461286 0.1290028349844601 0.07145798863591431 0.06889985731976359
