3 0.7984375 0.7203125 0.115625 0.0734375
3 0.3625 0.6484375 0.0640625 0.084375
3 0.5609375 0.5859375 0.0390625 0.03125
3 0.3421875 0.6046875 0.0453125 0.0359375
3 0.3015625 0.5796875 0.0390625 0.0375
3 0.3828125 0.56875 0.03125 0.0265625
3 0.3515625 0.525 0.015625 0.0125
3 0.3640625 0.515625 0.0140625 0.0109375
3 0.4 0.5234375 0.015625 0.0171875
3 0.3765625 0.509375 0.0125 0.009375
3 0.4046875 0.5046875 0.0109375 0.0109375
3 0.41875 0.5046875 0.0109375 0.0078125
3 0.50625 0.55 0.0234375 0.01875
3 0.46875 0.546875 0.021875 0.0265625
3 0.484375 0.5375 0.01875 0.01875
3 0.4734375 0.5234375 0.0140625 0.0109375
3 0.496875 0.521875 0.0171875 0.0171875
3 0.5109375 0.5125 0.0125 0.009375
3 0.5859375 0.5640625 0.03125 0.021875
3 0.4671875 0.5078125 0.0109375 0.0078125
3 0.465625 0.4984375 0.0078125 0.00625
3 0.5546875 0.621875 0.0171875 0.0359375
