3 0.4146474082661783 0.9133956672049891 0.0379545179539809 0.07877956493480802
3 0.9341770956236368 0.5193800292144026 0.06137383723582168 0.07606366801906325
3 0.7589771077238854 0.4819503928519645 0.07691702400410509 0.062273903408566686
3 0.6782998003459012 0.5789696688265469 0.058203385440423715 0.06819662094116268
3 0.5567247821955286 0.6284048327884204 0.07690793364502539 0.06071140340856669
3 0.49685890280522926 0.5429934383083074 0.056622704722264314 0.06504434740221221
3 0.4339498366466465 0.47158999675029384 0.06129202400410509 0.06200116801906326
3 0.318406649878363 0.4836342548679687 0.06593407220870695 0.054270488635914306
3 0.25343615573209555 0.5949887662320543 0.04719316256778665 0.05550570616851012
3 0.15044751111828977 0.616626212661332 0.06589771077238851 0.04802048863591431
3 0.07327595705995538 0.5106023092527654 0.04882838544042356 0.06803297970746058
3 0.12472028239192035 0.4911898360381265 0.033157933645025485 0.05994774431795715
