3 0.8415234345500918 0.7551884439759867 0.3169531308998163 0.37766705759604163
3 0.23109143756173411 0.41169417612483256 0.2508809514591813 0.29306527346576167
3 0.5979893979439851 0.7885190705384598 0.20942531203728051 0.177091662970653
3 0.3471946473192852 0.6813534997176512 0.2120534045687478 0.19124516823232476
3 0.1542482854917861 0.5985578683170294 0.18442531203728058 0.1756355787839034
3 0.5282535479393407 0.5970071337491092 0.16318892946385705 0.1417310156438411
3 0.5950956605920324 0.4834521389401938 0.12727474025173766 0.11941639988706054
3 0.43732885955241396 0.3824826311888604 0.1150348493799445 0.10159186305535765
3 0.3472250004242073 0.39434632338105724 0.08605774440092259 0.10923776308359248
3 0.5313147352773603 0.3397329600433509 0.10819285352912936 0.09341534200867016
3 0.39209794730999636 0.30906824701622826 0.10397895020978147 0.0993923262236546
3 0.2777268713752687 0.2572943734375269 0.08922936597668399 0.06897678413027988
3 0.3584906966852965 0.21455240756780683 0.08141686597668399 0.06852175782192056
3 0.4375153458554594 0.22071067328223518 0.07649256763635784 0.06512374203690507
3 0.27072966494170997 0.17521762080669104 0.07324916846619489 0.06337923151356133
