3 0.5484375 0.55 0.2328125 0.175
3 0.3890625 0.7171875 0.3078125 0.228125
3 0.3078125 0.4234375 0.171875 0.1609375
3 0.475 0.2890625 0.146875 0.1296875
3 0.65625 0.2609375 0.1875 0.1171875
3 0.953125 0.325 0.09375 0.1421875
3 0.9359375 0.2234375 0.1265625 0.1171875
3 0.7171875 0.1953125 0.1234375 0.0953125
3 0.515625 0.1328125 0.10625 0.0828125
3 0.415625 0.1984375 0.115625 0.1078125
3 0.309375 0.3140625 0.1453125 0.1390625
3 0.2046875 0.2515625 0.1625 0.128125
3 0.3109375 0.1953125 0.0609375 0.1078125
