3 0.746875 0.5359375 0.1734375 0.146875
3 0.5515625 0.55625 0.1375 0.1625
3 0.35625 0.640625 0.153125 0.1921875
3 0.2703125 0.371875 0.08125 0.0796875
3 0.25 0.2703125 0.0625 0.0609375
3 0.0734375 0.2375 0.0484375 0.05625
3 0.3984375 0.3296875 0.08125 0.0796875
3 0.590625 0.3484375 0.096875 0.084375
3 0.5390625 0.2703125 0.0703125 0.0578125
3 0.4609375 0.2234375 0.0515625 0.0453125
3 0.4234375 0.2015625 0.04375 0.040625
3 0.740625 0.284375 0.084375 0.053125
3 0.3375 0.1859375 0.0328125 0.0265625
3 0.3734375 0.1765625 0.0328125 0.0265625
3 0.2703125 0.178125 0.03125 0.028125
3 0.2234375 0.178125 0.034375 0.028125
3 0.3125 0.1703125 0.0328125 0.025
3 0.5515625 0.1859375 0.034375 0.0265625
3 0.7390625 0.240625 0.065625 0.04375
3 0.6359375 0.19375 0.0421875 0.0296875
3 0.6875 0.203125 0.0578125 0.0359375
