3 0.6079815498134404 0.8159864189381965 0.20606351369695447 0.17378465244730917
3 0.6479059649556431 0.6904635031955333 0.13880423610255282 0.12786593671876362
3 0.8515045616362953 0.6848828191781929 0.14105382033565023 0.15755343671876343
3 0.9629271444078892 0.8087081850761478 0.0741457111842216 0.1800052893919517
3 0.2141705049975994 0.7345584685711433 0.2038857070582587 0.18610264192396553
3 0.3095394367365415 0.5744183581466216 0.14981351369695445 0.17050846302712266
3 0.19418527864330884 0.501882476463651 0.11896533278320494 0.13293286831702938
3 0.09077409088108204 0.39020079479479786 0.11491645020978143 0.10002936305535756
3 0.8177779892260524 0.5401086454724346 0.10627515601864027 0.08863683674699843
3 0.6668657620465693 0.5057398927004245 0.10807445435896632 0.09185284200867017
3 0.5209603435803744 0.4546008688817268 0.08920605518880328 0.08919827886860805
3 0.4161768325827123 0.3869422029978892 0.08525226099766207 0.07807876834526431
3 0.32366910125404424 0.35701875554402057 0.0841633576783142 0.08423776308359247
3 0.217016359552414 0.34753661070687036 0.0829560551888033 0.08883425782192056
3 0.34399233403260476 0.29384392135727094 0.06808807178554285 0.05685621572854575
3 0.4312681137015989 0.3272108872269911 0.06278526514684693 0.06899219468185844
3 0.4366534307132569 0.29472461091863184 0.06351897095570588 0.05814569994353027
3 0.3106461151514914 0.23693376869820018 0.0549960759347277 0.048315673635170954
3 0.946221375323961 0.4643589455994916 0.09173905933798814 0.08156778939195171
3 0.972932627599046 0.4361205535343517 0.05413474480190814 0.06539675782192056
3 0.9174792234545055 0.3750080192628975 0.06723596680652086 0.06614021046687393
3 0.8320870977295594 0.4286328191781929 0.08693316016782511 0.07973227360693613
3 0.771752326358935 0.3780027585983795 0.07767655933798814 0.08074874203690507
3 0.6786069002190702 0.4328638348220341 0.0872883576783142 0.08441977360693613
3 0.6664495197202391 0.39669111639206517 0.0669991684661948 0.06301521046687401
3 0.6551917883915712 0.3620353953312604 0.06676237012586875 0.05989021046687402
3 0.7311030929556745 0.34898238750933974 0.06988737012586874 0.060072220990217674
3 0.6353403070629031 0.3278802032096507 0.06387416846619498 0.06283319994353027
3 0.6381926199253762 0.30338843742463517 0.05859467261537983 0.0547476841585147
3 0.7116301199253762 0.29911119012605825 0.058239475104890734 0.050060184158514695
3 0.6299414894265452 0.2669882058404866 0.0549960759347277 0.048315673635170954
3 0.7034265336176863 0.2736939611727457 0.049716580083912554 0.04023015785015547
3 0.6338118506293443 0.24557593742463518 0.05248638257342346 0.03572466837349921
3 0.6403219597575511 0.22793341111627594 0.04311138257342364 0.03517863680346807
3 0.6421678796736385 0.19016039533126036 0.06290366431700996 0.07055469468185845
3 0.7266496234498612 0.19701036383181644 0.036979781743586494 0.03637711575678067
3 0.7215118375570897 0.17062987435516014 0.04945647095570589 0.05732665258848364
3 0.642806497100215 0.15716588480791666 0.050426975104890734 0.04960515785015547
3 0.6771581863123343 0.17556727431280786 0.032055483403260435 0.03297909997176514
3 0.461178911417225 0.23522851357770264 0.053315176764564674 0.046662168373499215
3 0.4110838230349427 0.21617467668952997 0.04827247925407559 0.04170165258848364
3 0.34497264834497043 0.17215863715640395 0.042140878424238616 0.04290013154179624
3 0.4249920350675788 0.19260837407281145 0.04166728174358649 0.036650131541796235
3 0.48086352676920907 0.20504818991429677 0.04010478174358649 0.03655912628012441
3 0.48948058755708973 0.18414415571342974 0.041904080083912554 0.039775131541796196
3 0.44778999502562244 0.17244779251689782 0.03518048340326061 0.033161110495108836
3 0.3621718037389108 0.16095582664717764 0.03877908008391255 0.03959312101845249
3 0.3879055095477696 0.1484712371987562 0.0350620842330974 0.031598610495108835
3 0.45070150747317717 0.14873727673188225 0.029900987552445458 0.02507559471009326
3 0.4997785475151334 0.16471161625089087 0.026657588382282427 0.023331084186749607
3 0.4710256628671175 0.1373524556993123 0.030137785892771517 0.028200594710093264
3 0.4217593686759763 0.1292361188111396 0.028456886722608488 0.026547089448421435
3 0.5218069128671174 0.1343947846949772 0.026894386722608486 0.026456084186749607
3 0.4944156186759763 0.12500437414339866 0.028456886722608488 0.026547089448421435
3 0.5681374612074436 0.13483512947565765 0.026539189212119396 0.021768584186749606
3 0.18705709503026693 0.37674596857114323 0.04079186597668398 0.06615562101845249
