3 0.1161726369760987 0.5834945881245368 0.22587114436493208 0.3174389441095366
3 0.604856018408907 0.3701297574463877 0.19205843401923312 0.2801932223375922
3 0.8048189144896988 0.4158208406699521 0.194774257059629 0.2664041244111107
3 0.6306968235691214 0.8548656338837487 0.23004651583511765 0.19312244929333283
3 0.25698653892938517 0.8315690860982865 0.23446123119538154 0.1841575524036106
3 0.7356751432443048 0.6925207502363412 0.2004044799417402 0.19208762959490713
3 0.5854969499873647 0.5509306981155544 0.1669554824490227 0.16734190782296263
3 0.33422160649299776 0.4921347306789345 0.1324608105039836 0.10665868605101814
3 0.30063020500192966 0.5698694599437494 0.1551541644231918 0.1366975005656478
3 0.926443861903274 0.4350772715371741 0.07879024122451135 0.08326085080120364
