3 0.4688117367009726 0.34507395043764044 0.04487739532659738 0.050985647326811726
3 0.5212100380877434 0.3443690241716335 0.05926720364722229 0.06586719468185845
3 0.6068390667730906 0.3597217374105177 0.06101154160312507 0.07377069994353028
3 0.551588522320174 0.3723274241998684 0.0706774823325695 0.08681673151356133
3 0.3701391537790629 0.40792953718463887 0.0398625870059723 0.036650131541796326
3 0.6277879996187503 0.3858824190087837 0.03517508700597229 0.03637711575678067
3 0.6949936834143406 0.3827504427568942 0.1020729526972918 0.09488683674699834
3 0.5752448810776393 0.4139765979056266 0.049455792553055565 0.046571163111827296
3 0.31468924078503513 0.4455807266048254 0.05105466014423614 0.048224668373499216
3 0.5125455125365281 0.4426623110033365 0.05443423328249999 0.05934417889684287
3 0.16839612224392403 0.47913522120197916 0.11515483415618064 0.12061487884037306
3 0.5994824680836115 0.4469865189805488 0.05763196846486114 0.06265118942018652
3 0.5289524157469101 0.475346008386618 0.06399107123840295 0.06770271046687384
3 0.7467588180073615 0.5228980296450668 0.24360975531833376 0.27633279977412106
3 0.5925083823119103 0.5842968031814159 0.11064917211208343 0.12815436305535766
3 0.9450274381639933 0.5930075903660545 0.10994512367201352 0.14312691567207594
3 0.6654770228888548 0.7615425716678546 0.16744468597979179 0.1548680524755442
