3 0.3859375 0.728125 0.21875 0.1765625
3 0.2578125 0.7171875 0.128125 0.1609375
3 0.090625 0.709375 0.059375 0.14375
3 0.1796875 0.6390625 0.175 0.225
3 0.1140625 0.4515625 0.14375 0.2015625
3 0.61875 0.3203125 0.1359375 0.1609375
3 0.875 0.36875 0.1859375 0.196875
3 0.7859375 0.578125 0.046875 0.1015625
3 0.371875 0.2640625 0.0375 0.071875
3 0.634375 0.2140625 0.0859375 0.05625
3 0.5015625 0.2140625 0.075 0.065625
3 0.6109375 0.5875 0.109375 0.121875
3 0.4390625 0.2984375 0.0703125 0.09375
3 0.4390625 0.215625 0.06875 0.0671875
