3 0.453125 0.821875 0.18125 0.1421875
3 0.35 0.7703125 0.115625 0.1140625
3 0.2375 0.7484375 0.1140625 0.090625
3 0.4578125 0.7375 0.0984375 0.075
3 0.4671875 0.70625 0.0984375 0.090625
3 0.2671875 0.7 0.228125 0.06875
3 0.6296875 0.728125 0.103125 0.0859375
3 0.7890625 0.7375 0.1046875 0.1203125
3 0.925 0.7328125 0.103125 0.0859375
3 0.721875 0.7171875 0.06875 0.0859375
3 0.8328125 0.6796875 0.0609375 0.0625
3 0.55625 0.671875 0.05 0.046875
3 0.590625 0.65625 0.0453125 0.034375
3 0.5234375 0.69375 0.0546875 0.05625
3 0.6890625 0.653125 0.040625 0.0296875
