3 0.24757169156460418 0.8831281708840895 0.2956785129856435 0.2187242257844229
3 0.3529194849890569 0.7491758706072342 0.20294554220663663 0.18156658235511305
3 0.43790418547552423 0.6641314397009955 0.177809174511885 0.17215200956072393
3 0.6370389350684871 0.47734643122000564 0.15549779788867965 0.14575019586563337
3 0.4766587682672398 0.5898533305094118 0.13354097727182862 0.13966088217054295
3 0.4329417702958348 0.5013508374492421 0.15270008035608368 0.16429993676633484
3 0.5114037353927987 0.43233192474160076 0.10695120373287814 0.13639617982650448
3 0.5767111355549546 0.40161404843115384 0.08423072402541756 0.08655686613141392
3 0.7221657317393507 0.2947458798634163 0.09360572402541756 0.08715764342931002
3 0.7662117865278891 0.23027356724806003 0.05405230032431163 0.05652940468807692
