3 0.6668082518549265 0.6157964133859533 0.24240395280546387 0.21047491180407346
3 0.9177978578073077 0.5278305031637593 0.11794417334809956 0.23665455223856355
3 0.4883211088870419 0.5264871726582074 0.15252182757475108 0.1201155054270668
3 0.5417255135751189 0.4759825616223594 0.07451794108527139 0.06930992198083885
3 0.35494620681985867 0.4426776594292243 0.07049177513842757 0.05508364767057934
3 0.4886202999723134 0.460657454770383 0.06354086829088246 0.04381859905006032
3 0.4248279102436313 0.4408528878324983 0.05729086829088228 0.04349105042954129
3 0.06531201033591631 0.3875210114199607 0.07213342072720588 0.10500176051544959
3 0.024286947872830898 0.3854362109904194 0.048573895745661795 0.14102114767057933
3 0.24990705583240955 0.38151775214770656 0.037178627390180984 0.04555151741285455
