3 0.10906450789683593 0.7437981842384861 0.11281816256778665 0.0638707945496865
3 0.34366170081343944 0.6285087977144885 0.042360216822512696 0.03313123545613248
3 0.35133330024770537 0.6036523189263159 0.03606476502711473 0.02480855242559432
3 0.7090463271786767 0.6916956133068245 0.06127384328594587 0.06278678454774678
3 0.6825787550681655 0.5758313683077944 0.032957945745273776 0.02767846091032524
3 0.635671938811387 0.5741889910368305 0.029842036104353476 0.028985869395056162
3 0.6362713816297945 0.5428752181580132 0.021974993949875808 0.018973140606883376
3 0.6517872973208391 0.5228497605816679 0.015688632513557364 0.012212957576345395
3 0.778517968963812 0.5414248042132705 0.025090903590796288 0.01766573212215263
3 0.747054345525441 0.5072569693659611 0.015697722872636887 0.013775457576345218
3 0.6633742371141846 0.49923691739940884 0.01728749394987581 0.018590503333980025
3 0.6446015112164856 0.4968612164910232 0.010982951795397966 0.008705320303441687
3 0.49548730034590116 0.5270105863451213 0.014117042154477843 0.010522911818710767
