3 0.3761047451534381 0.779516359552414 0.23303462480937523 0.22822377884380138
3 0.12268553837208382 0.5801629419114117 0.21504703780340292 0.19254638797200824
3 0.2335119759673962 0.483278131748231 0.15796058320625014 0.1523465178461393
3 0.3920706647969796 0.5608022483496148 0.17518445079743064 0.15521140871793265
3 0.2904334699834726 0.4493776510442628 0.13557643692972227 0.12881392946385706
3 0.4816955560395143 0.5247006502190702 0.15621624525034736 0.14441561867597627
3 0.33480041261277804 0.41218622697899054 0.13986389342673622 0.11198162697434615
3 0.4022957307170489 0.36348954046616355 0.11460932028847229 0.09914974025173776
3 0.44684451130225716 0.33411061640089124 0.1019274823325695 0.0903900468904335
3 0.6906893495425004 0.5576944394358339 0.14985714247680573 0.13925452199532415
3 0.845212542171806 0.5288501568670548 0.12761846656499998 0.1219719336130419
3 0.8402146112260074 0.4481446085267288 0.10668771751493082 0.09387024440092269
3 0.6957197288171878 0.43875518528664903 0.11152068787965277 0.1004754419114116
3 0.5558389580156253 0.3930614091421399 0.10221842306201392 0.1028900468904336
3 0.6025853650257293 0.32407553341719364 0.0829956443766667 0.08115675684847723
3 0.5859076645126391 0.37818269296031887 0.09244337955902786 0.08499215186945541
3 0.7234251950978475 0.35584851951974644 0.0863024823325695 0.08920605518880328
3 0.644354637727153 0.3093035610115953 0.07329333605604163 0.06638386182749904
3 0.8325280913743752 0.3859522618460766 0.09088087955902786 0.08487375269929238
