3 0.8390625 0.715625 0.14375 0.1640625
3 0.4234375 0.7578125 0.13125 0.1390625
3 0.2421875 0.7265625 0.128125 0.10625
3 0.1640625 0.6140625 0.1109375 0.0921875
3 0.41875 0.5453125 0.0609375 0.0484375
3 0.3546875 0.4625 0.0328125 0.025
3 0.4015625 0.4359375 0.0265625 0.0265625
3 0.70625 0.5203125 0.05625 0.0484375
3 0.5015625 0.4828125 0.05 0.0375
3 0.559375 0.4828125 0.0421875 0.0375
3 0.628125 0.4796875 0.0375 0.0328125
3 0.66875 0.4453125 0.03125 0.0203125
3 0.9171875 0.4796875 0.046875 0.028125
3 0.8609375 0.4625 0.0359375 0.0296875
3 0.93125 0.4375 0.040625 0.03125
