3 0.046160885931402884 0.2548116244832713 0.08949883723582167 0.07914815260503386
3 0.4821074762904825 0.23294500910073715 0.1160886083130606 0.08507282092583343
3 0.23141660900043157 0.3633389462376743 0.14758404800821018 0.1287158130679506
3 0.40133367838046824 0.42337526406313586 0.16822380093507655 0.18591188296032685
3 0.32059169672723253 0.6083367690255346 0.2136544756031114 0.2083348465663967
3 0.6862798083599427 0.7147086236592111 0.2763362827847036 0.24249583085063087
3 0.7183075549420972 0.44532076882064675 0.19781130698520072 0.17010710049533806
3 0.923562160622879 0.6068082706826736 0.14647606596219093 0.20676803846084474
3 0.2542233708060924 0.20216385173819235 0.1100113251355733 0.11446922249741007
3 0.9225966417851353 0.10152145720043829 0.09432269262201594 0.10280397642635145
3 0.1126040182485685 0.11113009098482533 0.05489657825883123 0.03848461124870499
