3 0.6979711588057776 0.6531740705760951 0.17925946856846853 0.12701812802354445
3 0.8482237158778723 0.6232854812221869 0.0367808701400449 0.11911362667090888
3 0.8216612158778723 0.6235945638924594 0.0746062018192454 0.0930056600095451
3 0.7867040190210254 0.6114945532304592 0.07017125889134021 0.06484429734245403
3 0.6195892936281313 0.6150024559198218 0.08437930810555194 0.06813292934436319
3 0.43001737137839025 0.6062648972788207 0.0831079065339754 0.07436474801081765
3 0.2307451174494488 0.6242171079726375 0.07140842721213972 0.09140679734245402
3 0.2660276459854961 0.6097364373010924 0.09128427956950454 0.08226815467854501
3 0.3143923713783902 0.6076103159611836 0.05269266046291676 0.058394302673454135
3 0.34386154755707266 0.6025773706238201 0.05843323821317572 0.04752952800763595
