3 0.590625 0.653125 0.078125 0.0625
3 0.4515625 0.64375 0.0875 0.0796875
3 0.04375 0.596875 0.059375 0.0578125
3 0.3734375 0.5390625 0.0578125 0.0484375
3 0.4578125 0.5140625 0.053125 0.046875
3 0.3796875 0.465625 0.0421875 0.0375
3 0.4609375 0.4484375 0.0578125 0.0796875
3 0.8078125 0.684375 0.221875 0.2390625
3 0.396875 0.440625 0.0421875 0.0375
3 0.4171875 0.4171875 0.0359375 0.0296875
3 0.4828125 0.4078125 0.0328125 0.0328125
3 0.4796875 0.3828125 0.03125 0.0265625
3 0.41875 0.390625 0.040625 0.046875
3 0.3296875 0.38125 0.028125 0.021875
