3 0.8886258003388186 0.2926603053888702 0.09758617349399686 0.20600933540139543
3 0.8826810952747906 0.5015982628142233 0.09905766823232512 0.20455609604505726
3 0.7817387635071155 0.3110275291578682 0.10309272084904322 0.2203996173323807
3 0.6681312898154748 0.31119105614517484 0.10603571032569956 0.21749313861970415
3 0.774975011088041 0.5340279865832213 0.09767717875566842 0.20757183540139543
3 0.5436773213855058 0.31055690763811367 0.09960369980235591 0.21393109604505717
3 0.5464859900413537 0.5562300405578345 0.09713114718563745 0.19819683540139543
3 0.6634004742563381 0.5527229922832044 0.10944913666229361 0.1959459205506892
3 0.4114585426580722 0.5501107165564055 0.09785918927901224 0.21069683540139544
3 0.41711482138550576 0.3194070197747142 0.10383617349399668 0.20644637797604232
3 0.2953308266471777 0.3263668499803295 0.10834166297065302 0.2036491599070276
3 0.29886753739640026 0.5595399829000505 0.10392717875566859 0.20800887797604234
3 0.15916800056469732 0.5802016801859449 0.09749516823232485 0.20444683540139544
3 0.18540979507714656 0.34339009503665097 0.10163663666229375 0.1953996173323807
3 0.06418724246042808 0.36742816459860456 0.10216725768074626 0.23122785668871887
3 0.04662692260210173 0.5944277071732514 0.09325384520420346 0.2230875747577336
