3 0.8777282844678723 0.757023090169847 0.2098164880191007 0.16118814431968734
3 0.6319742964487718 0.6269742292937541 0.13021826805616749 0.11353761213660044
3 0.731917243546214 0.5510676571339106 0.1458432680561673 0.11463021857321784
3 0.948623544233369 0.44610773348112803 0.10275291153326194 0.07058528763096845
3 0.9410962921876024 0.3962551989522528 0.10999504809323427 0.07003898441265974
3 0.8003448066155727 0.42489328720363984 0.09442461179556502 0.07050887797604233
3 0.6036334977225654 0.4433476283050185 0.07033234736759475 0.050119968321116384
3 0.6628348829317753 0.41179734352404174 0.07674603847458741 0.05524451089576328
3 0.2378076341977197 0.6874296721401731 0.18274804573098152 0.2341121920901143
3 0.4132590127835078 0.5984114587627354 0.0966418762235353 0.08936813861970413
3 0.21940731986241663 0.5641942679331289 0.10111112141421189 0.08344592055068922
3 0.41035721287617494 0.49288807844090454 0.09017362141421188 0.08268109604505725
3 0.24332348029937015 0.48655558699087925 0.06235615626060227 0.04488616510280767
3 0.24220492440158764 0.45452433699087924 0.07189484736759474 0.050229228964778015
3 0.09862853919237757 0.4919746965295898 0.057614092558271414 0.042995883171822416
3 0.4452927188666248 0.41682832299302286 0.06202877404661713 0.035511165102807676
3 0.4790129544386545 0.3956745888324647 0.07474702885594056 0.042635250252101554
3 0.3688393462712865 0.4253070945324479 0.07167659255827133 0.04397922896477802
3 0.3516692044386545 0.40457933129089607 0.0477480192372937 0.02827781930985207
3 0.2746801185038051 0.42014398315215196 0.04489583774894799 0.03587179802252862
3 0.23198418701545936 0.4309611508528497 0.061974210344286275 0.033948665102807675
3 0.18410968220613594 0.4280436004845326 0.05249008293962456 0.030168101240837332
3 0.12847724109914335 0.42723485333452427 0.04467758293962456 0.029621798022528623
