3 0.42256973799231307 0.7025554125507579 0.15592705423577743 0.15971256631598402
3 0.6494959508452945 0.7045741972499094 0.16460337226160834 0.18990071406423076
3 0.6232841064929977 0.5025215414820984 0.09969377461060631 0.1030830320782579
3 0.5225316002247916 0.44127555598006785 0.08839256175762475 0.08988212523071262
3 0.5154752696625483 0.3609872786821719 0.07534699247815269 0.07033108883351816
3 0.6090805171552659 0.3450699868863065 0.07056856426490725 0.0669057001845701
3 0.3838471849436699 0.3924702112864536 0.095188131037097 0.10903264342930993
3 0.6058395083797772 0.2681570334625339 0.05136392319868044 0.05007914558877831
3 0.6621637162181937 0.21541156770026015 0.035284282132453625 0.03345285009228505
3 0.5580445175509773 0.1891716378737556 0.03376724623907634 0.03491522054263574
3 0.5047974970970062 0.16306091841085402 0.03211381802583091 0.03169009099298643
