3 0.875 0.2859375 0.15 0.103125
3 0.8890625 0.1328125 0.0890625 0.0578125
3 0.7140625 0.1875 0.125 0.09375
3 0.6359375 0.2078125 0.1109375 0.0796875
3 0.2921875 0.190625 0.1046875 0.06875
3 0.440625 0.146875 0.08125 0.05
3 0.5546875 0.1390625 0.0890625 0.0671875
3 0.7140625 0.0984375 0.0625 0.0453125
3 0.6265625 0.10625 0.0640625 0.05625
3 0.528125 0.0484375 0.0703125 0.0453125
3 0.3109375 0.0921875 0.0625 0.0546875
3 0.4046875 0.1125 0.0625 0.0546875
3 0.3546875 0.0703125 0.05625 0.0390625
3 0.228125 0.0859375 0.0640625 0.053125
3 0.5234375 0.26875 0.18125 0.2328125
3 0.2640625 0.0578125 0.103125 0.0640625
3 0.7796875 0.1109375 0.096875 0.08125
3 0.7546875 0.30625 0.053125 0.0890625
3 0.371875 0.1703125 0.0265625 0.0578125
3 0.6265625 0.259375 0.0328125 0.0703125
