3 0.2078125 0.334375 0.0671875 0.1
3 0.48125 0.4125 0.103125 0.159375
3 0.7953125 0.7421875 0.175 0.1765625
3 0.4703125 0.7390625 0.1625 0.134375
3 0.1359375 0.7546875 0.171875 0.14375
3 0.040625 0.6109375 0.0796875 0.109375
3 0.240625 0.5765625 0.1265625 0.1015625
3 0.471875 0.603125 0.1203125 0.103125
3 0.684375 0.61875 0.1359375 0.1203125
3 0.65625 0.5328125 0.1140625 0.0875
3 0.6140625 0.4859375 0.1015625 0.10625
3 0.66875 0.4109375 0.096875 0.1171875
3 0.55625 0.4125 0.0671875 0.0640625
3 0.284375 0.49375 0.09375 0.0734375
3 0.0890625 0.5046875 0.1109375 0.0890625
3 0.04375 0.425 0.0859375 0.0703125
3 0.1765625 0.43125 0.0859375 0.0671875
3 0.071875 0.4 0.0859375 0.0625
3 0.1109375 0.346875 0.0640625 0.0484375
3 0.3265625 0.403125 0.0640625 0.053125
3 0.3359375 0.3828125 0.06875 0.0484375
3 0.2265625 0.384375 0.0671875 0.0546875
3 0.2609375 0.321875 0.0515625 0.0578125
3 0.321875 0.3453125 0.0484375 0.04375
3 0.1140625 0.3 0.0484375 0.0421875
3 0.1578125 0.2875 0.0421875 0.0359375
3 0.1640625 0.3171875 0.0390625 0.0421875
3 0.971875 0.484375 0.0546875 0.0796875
3 0.8765625 0.4125 0.078125 0.0609375
3 0.8703125 0.34375 0.0609375 0.0453125
3 0.803125 0.315625 0.0484375 0.040625
3 0.9421875 0.3265625 0.0546875 0.053125
3 0.56875 0.3484375 0.0609375 0.046875
3 0.3640625 0.3203125 0.0453125 0.0421875
3 0.8640625 0.265625 0.0453125 0.0375
3 0.303125 0.4453125 0.0875 0.071875
3 0.4703125 0.5375 0.10625 0.0765625
3 0.46875 0.4875 0.096875 0.0671875
3 0.3140625 0.275 0.0421875 0.0546875
3 0.2625 0.2796875 0.040625 0.03125
3 0.228125 0.2734375 0.0359375 0.0265625
