3 0.7214417178946867 0.7970357198461034 0.16886018268618094 0.14861465940862678
3 0.13148143125400363 0.5883985734361072 0.1325772373488175 0.11788148495630538
3 0.8297285745942306 0.5579170470431344 0.08522952267663583 0.07589256175762475
3 0.6868336446133206 0.4130866171805364 0.04887385200509069 0.038909387305303154
3 0.511270570615866 0.3892219051854848 0.0458215773392725 0.04506845909205781
3 0.6298393046228656 0.3410919452354972 0.03633748933799978 0.035420674452321686
3 0.4985876625955033 0.538903656439126 0.05105451734563573 0.09207985141192587
3 0.6827183092775481 0.4309417069139797 0.031849984006999676 0.052471782132453626
3 0.613450688613957 0.4062623041692704 0.025472714672181596 0.04135242570596294
3 0.39712570727245733 0.46014450745534036 0.0882454346753633 0.06660848997087002
3 0.43959501794241174 0.4371532883341528 0.0646443026734543 0.051864028371529966
