3 0.7871380494236087 0.5918539860693615 0.24986737510244375 0.21245231029746475
3 0.8830842119534401 0.34833077019964137 0.13351032092583354 0.1230874314570917
3 0.7688076962376743 0.27900537557425265 0.1267508986760925 0.1117859104104042
3 0.5533432080244985 0.3134581573560453 0.14175946856846872 0.1329174577654509
3 0.43260244499932926 0.7529463206090469 0.34191363399378394 0.2817021102127601
3 0.11038624741635675 0.581544673564584 0.2207724948327135 0.20896328925077726
3 0.5843856544670607 0.151541986281123 0.06050516046291676 0.061179694681858444
3 0.659477699752331 0.13711473621053585 0.0666823858558109 0.0599812157285458
3 0.7791908862700956 0.1401703887284323 0.06682793507002263 0.0631062157285458
3 0.8467080260548479 0.10336760971864996 0.06370293507002245 0.0629242052052021
