3 0.8949903855620164 0.8376457390255598 0.2100192288759672 0.21678937137526866
3 0.4137897085086764 0.6579849016689627 0.11744592072720597 0.10996884108157481
3 0.6166469933647114 0.5357467392260524 0.08761871838316751 0.08127515601864026
3 0.6762630228220757 0.5076110064474919 0.0813687183831675 0.08080155933798813
3 0.5987190137227771 0.4986252475244223 0.06953005243632351 0.06591026514684692
3 0.8352794725452206 0.41703631848477246 0.05446625693983052 0.04921967261537983
3 0.4914572262458484 0.49904945478317353 0.07381703423772627 0.06001546265733602
3 0.4085038263381334 0.5269717000092887 0.07275518198597286 0.06770956348717298
3 0.34085525138427597 0.5389496365221158 0.09084384793281677 0.08307445435896632
3 0.26347312615356333 0.4475657746946166 0.0476154796419344 0.0393710759347277
3 0.1927810919158371 0.3877871103776066 0.04937823874123302 0.042614475104890734
3 0.3463159045311934 0.4421813802983384 0.053965609191583754 0.04140717261537983
3 0.3785078408361029 0.4228519624568435 0.038140350092285044 0.0370981809137497
3 0.40915706353820697 0.4158449458601039 0.03794009099298634 0.033973180913749526
3 0.33833342380952486 0.4268048340326048 0.05064035009228505 0.038045374275053764
3 0.5850897054263575 0.3708671004288516 0.03773983189368764 0.030848180913749523
3 0.45483050894241506 0.40064692096499466 0.054065738741233105 0.04296967261537983
3 0.5330859168696945 0.3964698290582273 0.039302331893687814 0.030966580083912554
