3 0.728125 0.2203125 0.2234375 0.1046875
3 0.9328125 0.7578125 0.134375 0.153125
3 0.6234375 0.7109375 0.1671875 0.24375
3 0.3984375 0.7296875 0.1734375 0.2078125
3 0.2 0.4609375 0.1015625 0.2046875
3 0.3625 0.415625 0.1015625 0.1921875
3 0.4953125 0.390625 0.1 0.1875
3 0.1375 0.2546875 0.0796875 0.15625
3 0.3875 0.196875 0.0703125 0.059375
3 0.5265625 0.2625 0.0859375 0.1515625
3 0.60625 0.2421875 0.0875 0.1484375
3 0.88125 0.409375 0.128125 0.196875
3 0.9796875 0.3625 0.040625 0.1609375
3 0.8875 0.3 0.11875 0.178125
