3 0.6423354732256868 0.7397821690663987 0.15786813868554467 0.1518170757634536
3 0.6069706852323683 0.693496971491993 0.11373633068109026 0.1154332945496865
3 0.2514035799252307 0.5297361999903016 0.08833634134309047 0.07901756242753404
3 0.36765528859009444 0.5335152910465288 0.08048747867599956 0.07525483363936125
3 0.5024393685948669 0.48739010588995874 0.06782384667409058 0.060171967578284934
3 0.41688367659932124 0.46159262255985817 0.05835794000636341 0.05159419303247788
3 0.3499507152689575 0.44520209013814327 0.05052725867281786 0.04939396424430527
3 0.39145696260345747 0.433228377560828 0.044168170671545146 0.03950878121376693
3 0.43430753393541205 0.4398771192258783 0.04725680800445442 0.03663887272903601
3 0.4531211686028211 0.43287782013426385 0.039462489337999784 0.0375636439408634
3 0.4587444599379573 0.419150159982543 0.03944430800445424 0.0360011439408634
3 0.43788706727404814 0.4005595277106092 0.03159544533736351 0.03223841515269079
3 0.47599559460536656 0.4122784066485631 0.03791817067154533 0.03899859818322895
3 0.45291263060950265 0.3837228430130811 0.039535214672181594 0.0438136439408634
3 0.5145399265993212 0.4536210127076997 0.0520352146721816 0.04483401000193972
3 0.5814637972629123 0.47079279512941474 0.0520715773392725 0.047959010001939716
3 0.5762314045990031 0.45092670528113554 0.04262385200509069 0.04094373545613248
3 0.5654120832670485 0.44166327558457735 0.03317612667090888 0.03392846091032524
3 0.5250052592695938 0.42622946528307526 0.04255112667090888 0.03469373545613248
3 0.5059103612746846 0.3903237872535069 0.031540901336727246 0.027550915152690703
3 0.5347257046069573 0.39577669073726807 0.0315227200031817 0.025988415152690614
3 0.5697819572724574 0.40150066119049105 0.030032945337363514 0.03211086939505616
3 0.02726883529600172 0.6068878577261266 0.05453767059200344 0.12372428454774678
