3 0.86832066812493 0.6044584127374669 0.13888327488562524 0.12893529788867966
3 0.7500986514074302 0.5461219870077659 0.10407186379145852 0.10958528003177222
3 0.14077820279420095 0.5331415568171334 0.09854921561506957 0.1407261858759707
3 0.4070896145539577 0.7433422658250173 0.12169577488562507 0.12863528896022594
3 0.7246434033072913 0.5988242471540357 0.06057513050895835 0.05259889448011279
3 0.5814038560045829 0.507225308031654 0.03819098423243048 0.030342064934808198
3 0.2311849972471176 0.544098422076253 0.047893292553055564 0.044568206168510115
3 0.31358057636930514 0.49629789610167074 0.03837282218833336 0.038154564934808025
3 0.29156141242534683 0.43495129301741564 0.027217116641249994 0.028588650162155817
3 0.9432453201010411 0.7433220896849839 0.056251306420763925 0.06814207386326192
3 0.44112565454156216 0.4227121659871731 0.02409211664125017 0.02853410308425506
