3 0.8717308340984034 0.46681016831712957 0.2565383318031934 0.19375732633910125
3 0.6887733945690833 0.6095756444979461 0.30443163485700764 0.2348824315119506
3 0.2339428891090714 0.4771522187254762 0.17822007909743345 0.17821123119538154
3 0.4172340080450857 0.3817618477175091 0.1504460233378591 0.12440426959604131
3 0.06697930334367821 0.2737042729612536 0.09620506242753397 0.09009145407749282
3 0.9742741483378591 0.24782082442705108 0.0514517033242818 0.07217652837152996
3 0.7421545175879833 0.30417743916681206 0.05752519970043757 0.09364235141192578
3 0.7443709797062565 0.22580238658038732 0.06785692182065048 0.06744356426490725
3 0.5553879701633588 0.29943141785491106 0.04869233363936125 0.08091503087881247
3 0.58670187198013 0.2609312075092121 0.0501272878817268 0.07939799498543501
3 0.5081304618284092 0.25773566284034616 0.04349465060882309 0.07452863855894432
3 0.5445622983427084 0.2339655422280905 0.03765923879011233 0.060329746239076346
3 0.4523747983427084 0.23664792451882866 0.039859467578284936 0.06818771034569897
3 0.421236497584104 0.2101452604913483 0.03089905575957417 0.053897889812585656
3 0.4852352247052868 0.20749998211981832 0.023341647274843245 0.05679556927947225
3 0.39580606288657594 0.19600620414399983 0.017410640606883555 0.022329641066226813
