3 0.5143730024389273 0.5793157077719095 0.08801028896022593 0.12125052586424748
3 0.501892367698047 0.4882815308123053 0.08453073295387145 0.10084709765100222
3 0.6854452073896214 0.49596731334047045 0.11522735389503395 0.15952341567683312
3 0.8641917702958348 0.5551019356020788 0.15412621266133186 0.1512850183424
3 0.7122861712687694 0.3912259890464333 0.06202844155801355 0.06427310015828454
3 0.6204259537361735 0.36979360675569517 0.042978432629559825 0.04654003087881246
3 0.5516310892878327 0.3255829540109858 0.03966251785690744 0.035511602665567035
3 0.7210765645310664 0.29064932752623535 0.03500229139585791 0.03693771034569906
3 0.6867191554404568 0.33342184923384777 0.03988070616851012 0.04801160266556703
3 0.6227384760573079 0.32687032086231776 0.03829093262956 0.04640363855894432
3 0.6764771306836905 0.293259850487489 0.030178423701106107 0.02898881802583091
3 0.6612748705374207 0.2685864594212622 0.026998876623205346 0.025772889812585652
3 0.6208311026805132 0.30180212470238377 0.03335797077900686 0.03220474623907634
3 0.5766680454563429 0.2794126476636374 0.026971603084255058 0.024210389812585564
3 0.5895089646932222 0.2602451105166188 0.0237920560063543 0.02099446159934022
3 0.6244879366900449 0.27142430291562913 0.026971603084255235 0.024210389812585654
3 0.6279265823879738 0.2535464811288745 0.020694329545304768 0.022466033386094875
3 0.5983481765437751 0.24643266310304357 0.020639782467404187 0.019341033386094875
3 0.6338180722417042 0.2294868555020539 0.017514782467404188 0.01925010517284953
3 0.6103942090111794 0.22802364390271368 0.01587046185055314 0.014517141066226813
3 0.5071350211066136 0.4118326910788621 0.09396028003177222 0.10424488229073817
3 0.10171863839432824 0.541350077197031 0.20343727678865647 0.22332515439406198
3 0.751216257713933 0.4447290737653116 0.03691934740221221 0.057295674452321775
3 0.6509043863657334 0.32534492478152605 0.019268197240056396 0.030233069279472245
