3 0.16875 0.2671875 0.3359375 0.1515625
3 0.9625 0.7671875 0.071875 0.2140625
3 0.8046875 0.3921875 0.1078125 0.08125
3 0.575 0.3046875 0.115625 0.0671875
3 0.3609375 0.2703125 0.078125 0.0515625
3 0.2 0.3421875 0.125 0.0578125
3 0.3484375 0.45625 0.1265625 0.075
3 0.409375 0.4765625 0.096875 0.0796875
3 0.5359375 0.5453125 0.0953125 0.10625
3 0.81875 0.646875 0.10625 0.0984375
3 0.2203125 0.5359375 0.0796875 0.0921875
3 0.3125 0.559375 0.09375 0.0890625
3 0.184375 0.6234375 0.1171875 0.096875
3 0.2125 0.7 0.1359375 0.1125
3 0.06875 0.7078125 0.1375 0.1234375
3 0.0625 0.8109375 0.1234375 0.1140625
3 0.646875 0.8484375 0.1078125 0.1125
3 0.8296875 0.846875 0.134375 0.1125
3 0.8703125 0.9546875 0.134375 0.0875
3 0.70625 0.965625 0.146875 0.0640625
3 0.9390625 0.6921875 0.11875 0.1265625
3 0.859375 0.5703125 0.0640625 0.0484375
3 0.7671875 0.43125 0.0484375 0.053125
3 0.434375 0.2015625 0.0734375 0.05625
3 0.0671875 0.4625 0.0453125 0.05
3 0.415625 0.934375 0.14375 0.1296875
