3 0.6359375 0.4796875 0.16875 0.13125
3 0.85625 0.48125 0.1578125 0.115625
3 0.746875 0.4625 0.0890625 0.0859375
3 0.51875 0.4625 0.10625 0.0765625
3 0.4671875 0.453125 0.0703125 0.0546875
3 0.4234375 0.446875 0.05 0.04375
3 0.39375 0.4421875 0.034375 0.0296875
3 0.375 0.440625 0.0234375 0.025
3 0.296875 0.4546875 0.0859375 0.06875
3 0.35625 0.4375 0.0234375 0.01875
3 0.03125 0.4421875 0.0421875 0.0375
3 0.153125 0.4375 0.021875 0.0203125
3 0.184375 0.4375 0.0234375 0.015625
3 0.1578125 0.421875 0.0328125 0.0359375
