3 0.8052984168078379 0.8895524075678068 0.2698523985373026 0.22089518486438636
3 0.6195808794691697 0.750092878346263 0.24770466314779932 0.2407593208208084
3 0.7364468254914103 0.6857335177099797 0.19653190097293455 0.17065965244730918
3 0.823488903818899 0.6274575571019315 0.17284893912238175 0.1552320735222315
3 0.44092186566945213 0.5910987679923284 0.19502394805083528 0.17369364718563746
3 0.32740524188891573 0.8668051523061349 0.23469437418757338 0.12137228398910552
3 0.11957256574888235 0.7416554209337479 0.2391451314977647 0.23956084186749588
3 0.05437998823217247 0.5674751973126944 0.10875997646434495 0.16932539462538862
3 0.22068327800647253 0.4844260208349259 0.17438416558343128 0.15376057878390342
3 0.49413441477594766 0.49957069162749945 0.17098643019392784 0.13795356826055977
3 0.6614719192401746 0.5007145046263873 0.14897506249917622 0.1288669945971538
3 0.760754898947635 0.4580103361117138 0.11904210064862308 0.11307539462538863
3 0.911431008931749 0.5176190964938832 0.1349398360381265 0.12961044724210707
3 0.934410587259238 0.4556119201572891 0.09821140340856686 0.08220482622365459
3 0.9616491972433518 0.5080312648673824 0.06262845941492116 0.1004242052052021
3 0.7434270771129681 0.42024502560248755 0.09837504464226861 0.0915798262236546
3 0.7019895994341023 0.37481913353734764 0.11435460064862327 0.11280237884037314
3 0.626272579141563 0.32192237571542703 0.10459777110331832 0.09038134727034208
3 0.9724657406678044 0.3811880438065775 0.04514095048646745 0.08223564732681173
3 0.9549333672910099 0.3551414832973513 0.08096935633066593 0.07807876834526421
3 0.9304788380700166 0.32243539911060165 0.09530459172016918 0.09452281570031093
3 0.8690600969984704 0.3016531912745636 0.09971935633066593 0.07917083148532651
3 0.749978860391151 0.2689100387566672 0.0809966298696164 0.0796412683452643
3 0.8336544310080022 0.2690913202561111 0.06814207386326174 0.0586007262518895
3 0.8492345665596612 0.22776837024199365 0.06808752678536116 0.0554757262518895
3 0.6473175105533068 0.23634119148632515 0.09363299756436802 0.08818181043863911
3 0.6396237873386681 0.18427816254712998 0.08242276217486459 0.07191977360693613
3 0.5151556213481997 0.14652899161338204 0.08072389448011297 0.0640162683452643
3 0.5501425016248531 0.24788636526267052 0.0966216298696164 0.08055132096198285
3 0.21594477962803033 0.21825498926489478 0.10766822402541773 0.08743835779368574
3 0.20271412256601568 0.16977969190984815 0.10139095048646736 0.08551183674699833
3 0.3622470353100732 0.2596219838620486 0.27176945454365703 0.2780618997458862
