3 0.5710392125821303 0.31216961990215425 0.03976512902925915 0.04647318091374952
3 0.29277751154537107 0.3348071721911725 0.03935502591898139 0.041785680913749526
3 0.2363422923653248 0.3677981935617969 0.05349543836009243 0.061482874275053764
3 0.2733195717711589 0.7701051321492163 0.11941296427907382 0.1052813410815748
3 0.32230175032930675 0.5739279491608743 0.07706963939685174 0.06482136182749905
3 0.248394650093751 0.50502550642427 0.05552683006601846 0.04921967261537983
3 0.13860954698347325 0.5180009483356816 0.06517523213953691 0.05305506763635783
3 0.36856017860463053 0.4532360182471247 0.0488667269557407 0.04405857593472771
3 0.38437995970740824 0.40547302447090205 0.033573917624907426 0.028930483403260432
3 0.33659657059338044 0.39279634833103727 0.03540981969842587 0.03217388257342355
3 0.2469483102257879 0.4151109014452482 0.03853481969842587 0.0324106809137497
3 0.2946920345896304 0.37501777509560197 0.029902113477870352 0.02244368506293446
3 0.31409614547560255 0.3572499346387272 0.02351541244111104 0.02040758838228234
3 0.37381289806750073 0.34884451617253226 0.021952912441111038 0.020289189212119307
3 0.7915294954283343 0.4708538452075377 0.06572203628657398 0.05930506763635783
3 0.6459032200750008 0.37013456263875855 0.032011417624907425 0.0288120842330974
3 0.5935102434020841 0.3391814831795459 0.02351541244111104 0.02040758838228234
3 0.5350921506593989 0.33274315164574075 0.02351541244111104 0.02040758838228234
3 0.49080490843509333 0.32445797758046846 0.021679510367592414 0.017164189212119308
3 0.5819090705933805 0.3742076786154425 0.030312216588147933 0.02713118506293446
