3 0.4379589455377978 0.8371474375415271 0.23797620435383654 0.11814443244739828
3 0.1408483325611064 0.8718471167497228 0.18775794954451305 0.10869028685862006
3 0.18980913301659333 0.7716177768364707 0.26981153611233466 0.2261967643410859
3 0.5000472285700897 0.7540858112310802 0.23774308057737184 0.20075667334809957
3 0.5269321323836211 0.6270832202380939 0.19268355172143128 0.1604530459579184
3 0.2947371912766286 0.6372649583610182 0.18832343393541642 0.1695276573089707
3 0.3369395602437698 0.5452987014211879 0.16837303248413757 0.13395110271317864
3 0.3362649484482047 0.48113607187153845 0.1469146947351896 0.0998369185677376
3 0.5750000662342195 0.4564412507751924 0.14304565027015242 0.12297402991878954
3 0.5209871780297848 0.524108414562568 0.17138890507947585 0.13102636181247734
3 0.7645437158713999 0.4356817604927999 0.15274803248413757 0.13294980721668548
3 0.9609623257680484 0.3537146599390894 0.07807534846390318 0.11664488433001133
3 0.9379043156012475 0.31025455660760193 0.11884425843752026 0.09959708667404979
3 0.8944891322988031 0.2778018044481335 0.11075893992586643 0.09128393892580319
3 0.8616567849312083 0.23449189544111998 0.09157243030721958 0.07758238433001133
3 0.8243551923729371 0.19773237508305438 0.17298612141421188 0.08747662091177602
3 0.928487131665831 0.1526923804817252 0.13343254809323427 0.07091088217054295
3 0.7166369508104575 0.2970290731081562 0.11114088584218215 0.1022214389258032
3 0.7205779171451935 0.2529286196843835 0.10083830290255769 0.07505816162790727
3 0.6996180872007939 0.1908489242801754 0.15681548439090348 0.0708503254152828
3 0.6464459579820335 0.148059449418603 0.10325397477225647 0.054945920727205874
3 0.5580010499921508 0.3956737314968609 0.12246033175849824 0.11385984577334848
3 0.5897222759455337 0.3623210109542252 0.11001489546082902 0.11462130937615385
3 0.5716691911918106 0.29379105645071835 0.09754961179556502 0.07017040252860855
3 0.5676711719545169 0.268991315550017 0.10056548439090349 0.06724566162790727
3 0.33292166052177147 0.22844186844776587 0.14291667549789597 0.07463665946843889
3 0.37818706442012107 0.42598869448135745 0.1256398954608291 0.11562260487264701
3 0.33326394482000765 0.39519857187153845 0.10768850362819711 0.0926461798265045
3 0.43314240453132175 0.2956212715946833 0.09189981252120454 0.08695738433001132
3 0.39667911487560803 0.327711880786267 0.0994940577118811 0.08120803207825791
3 0.37723963411290173 0.35401356493170816 0.11393850362819702 0.09304669802510182
3 0.5358804802145521 0.14339983266888015 0.05152778366526398 0.046954145588778265
3 0.484372543916883 0.14826660780730774 0.04667659255827132 0.04196625693983034
3 0.44355657095872497 0.1454012260981901 0.04823909255827132 0.04206638648947965
3 0.5807837524470707 0.12877732572904982 0.05319941106992569 0.05017927513842757
3 0.21219004218760248 0.44837124151901014 0.04891370435383653 0.10602875693983034
3 0.06467269064365641 0.529077428285345 0.10708339073632364 0.43247014342931
