3 0.8417473628764063 0.6059922007876993 0.13788035352912936 0.09821384364130097
3 0.331473636321623 0.6140296465259372 0.21536858133331246 0.2396358112195859
3 0.3485740128717619 0.37861817607271425 0.06183807178554286 0.05784419303247788
3 0.4328898132866804 0.3847243969849792 0.05187107593472753 0.04926641848667055
3 0.36398552531931655 0.3565836794066942 0.043466580083912555 0.04081618969849785
3 0.38893798112817535 0.347750684407664 0.028575285892771342 0.028730777879787082
3 0.5720474016689627 0.41782342365681835 0.04322978174358667 0.03769118969849785
3 0.6401820950302669 0.4358078912351033 0.04815408008391255 0.04119882697140156
3 0.5842747145314359 0.3947525854755291 0.03001938672260849 0.027295823637421713
3 0.502325974904398 0.3686527289573506 0.024976689212119395 0.022225686364518004
3 0.556350624074561 0.37461555759574205 0.024976689212119395 0.022225686364518004
3 0.45109443901162666 0.3380725375918627 0.018253092531467275 0.015465503333979846
3 0.4285090439906485 0.32691189698497924 0.016572193361304242 0.013775457576345396
