3 0.7424953601236596 0.8991066651730989 0.2151405459579186 0.19104556006354406
3 0.7498944548172738 0.7592356416341486 0.1947884731635293 0.16571827759614005
3 0.8800616186046494 0.7051947982891261 0.10973355027685514 0.1049250535707225
3 0.7240211721207072 0.6625827840856666 0.14717299352159507 0.12898984496658022
3 0.879272271751567 0.8029465056754523 0.06099566162790708 0.09939207386326174
3 0.7021950393318553 0.600414020692986 0.11538277297895938 0.09565914772652384
3 0.700361231496861 0.555800950076135 0.09865634793281686 0.07819891233702041
3 0.691145720238094 0.5165338985340073 0.07598031153562204 0.06531708279171564
3 0.708342514654853 0.4800742471540357 0.08635660703211538 0.08110572402541756
3 0.7099643738464367 0.4425606103845604 0.06414164558877822 0.05106366801906326
3 0.8723666394241404 0.5689709261301475 0.19899391424880086 0.23134327759614007
3 0.8463035896087104 0.4996890921206159 0.16756463911037328 0.17928985389503396
3 0.8440785579918778 0.4245663611953393 0.13507351172019214 0.13502165665497756
3 0.9449086752030261 0.3645385706102604 0.07053134793281686 0.0777079886359143
3 0.544596597009966 0.2769923372526472 0.1205709207272058 0.1035534683433748
3 0.18567457511074098 0.38569954098882075 0.16566217766703623 0.14960235389503396
3 0.7476517458379469 0.2938327840856666 0.10843186613141391 0.0846125535707225
3 0.846450191242155 0.3143282905784884 0.1059682001845701 0.07052278003177204
3 0.7706200740310069 0.3747924577867727 0.059754534237726274 0.05566934740221221
3 0.926290280693982 0.43538685875970734 0.06121690468807657 0.054134120941162676
3 0.041593908084162926 0.8238017386359143 0.08318781616832585 0.1476034772718286
3 0.10754507094868784 0.6651182597392327 0.19502830505721716 0.19381600405718977
3 0.19633506555001703 0.5610813705341255 0.15039812307124434 0.130606892044481
3 0.04406447332041292 0.47990173417168747 0.08812894664082584 0.1504284683433749
3 0.08199766502399324 0.3314875535707224 0.13220932757475112 0.11468188311602727
3 0.18556275601697964 0.3020103336024945 0.09356832973421944 0.07186709172016936
3 0.3185161559246946 0.338744494721699 0.08908108883351806 0.07491027110331831
3 0.3309079295219627 0.438290527189103 0.1077705320782579 0.09864778003177221
3 0.3133268106127715 0.2854694902574721 0.07235466378737554 0.057450035713814886
3 0.3923238957456618 0.3220439642828897 0.07079216378737554 0.0574227621748646
3 0.4674147308785521 0.3585502544609316 0.07451794108527139 0.06685230925276527
3 0.5188968877260973 0.3484991444768176 0.06297966378737563 0.05728639448011297
3 0.4406309878183824 0.3127195572208751 0.055928627390180986 0.04467730032431163
3 0.4134770049372455 0.28487124675029385 0.054466256939830336 0.04621252678536116
3 0.35049614358619346 0.27907916842280506 0.05935401603912895 0.04941934740221221
3 0.4459588379106675 0.2783991042987758 0.04957849784053181 0.043005706168510204
3 0.39258590916389713 0.40338942166921593 0.0796059592838688 0.0731841298696164
3 0.4207807603359163 0.3905854586008469 0.0825307001845701 0.07011367694751698
3 0.36842771591915724 0.42643145535443605 0.08156897748246603 0.0794614034085667
3 0.5518793684477659 0.3342145020252996 0.05622901603912887 0.04936480032431154
3 0.5951485070967137 0.33027702434643397 0.05789164558877822 0.05095457386326192
3 0.6229929048449605 0.32294181127806487 0.05124112739018098 0.044595479707460584
3 0.6752865900701358 0.3246367248329013 0.04282785009228505 0.03508411201270878
3 0.7128366548449605 0.3245100397677095 0.0460529796419344 0.03670115909060954
3 0.6014578662882976 0.2928452081938098 0.039602720542635694 0.0334670649348082
3 0.6362636628645248 0.2989276128201924 0.055928627390180986 0.04467730032431154
