3 0.15797306210213166 0.7401631301459018 0.12781701201463572 0.11814370636839744
3 0.3146128660884505 0.6264997586248138 0.07738066000954502 0.07656224212409217
3 0.4178554974140417 0.5609867157421172 0.05848520934118149 0.06253169303247788
3 0.7588901247612684 0.6355892634566057 0.12759883601209018 0.09939370636839726
3 0.8090430240690422 0.4430352305758488 0.07411020934118148 0.0638071506088231
3 0.6872316587364513 0.45845254967134264 0.05677725867281787 0.04990414727484325
3 0.5729964360677696 0.45291963997866364 0.036319308004454244 0.035746052425594324
3 0.45713507873167886 0.44204552604361924 0.0221113573360908 0.022098140606883376
3 0.594435084062679 0.4136339993717802 0.029978401336727068 0.027423369395056164
3 0.6349328147278609 0.39938030967328225 0.031540901336727246 0.027550915152690793
3 0.5428453120623609 0.4154992593737198 0.023655676002545433 0.020663186364518183
3 0.5817805427275426 0.4013731154328565 0.020512494668999893 0.018845594849248925
3 0.5956794107256336 0.3861627036141456 0.01893181333545435 0.017155549091614476
3 0.4584521307288153 0.42082423028598476 0.015770450668363623 0.013775457576345396
3 0.386068600731997 0.45019260801599065 0.05534202800763603 0.060714101517208796
3 0.5712970287237246 0.37407716285748094 0.026907945337363515 0.031855777879787085
3 0.5582248640594972 0.3931300517973745 0.01736931333545435 0.017028003333979847
3 0.4661555427275427 0.4108115014978121 0.01580681333545435 0.016900457576345396
