3 0.15850198100526575 0.5161382890490354 0.19535452283992147 0.1872638725471326
3 0.37215396596726047 0.7119614195048334 0.231278734734852 0.24797587946721472
3 0.36783935945396823 0.5403265000371811 0.16098616689245623 0.15623936562705049
3 0.5765083525565633 0.517512377032938 0.1868050384437538 0.17288303756616052
3 0.6263468210102145 0.716838556386422 0.25948562188998175 0.25068438539871385
3 0.9047163189740497 0.3500316942565938 0.13073210085908257 0.11446835969555132
3 0.31184714552287274 0.21939723471414183 0.2086114393936934 0.11296420950527093
3 0.5954718730216355 0.18554479402913232 0.0723530348257091 0.07155134783255321
3 0.673221736771017 0.1660082268426575 0.06988977611928178 0.05430018083635883
3 0.5753950684082227 0.13540287258431363 0.0669285504295413 0.05729784684397003
3 0.37200896031305086 0.43088783304098666 0.06889384215265526 0.09479784684397004
3 0.3209023202172451 0.07649215171033623 0.0696441146538925 0.049612680836358836
3 0.18184314224351242 0.08570137254713259 0.09497166327441153 0.05688135277546911
