3 0.22890625 0.8152433157035558 0.1609375 0.1612538462971589
3 0.0578125 0.5701761061845158 0.115625 0.13464778763096846
3 0.634375 0.7048589286733355 0.190625 0.18676729852673174
3 0.9 0.6284721192508407 0.2 0.21242286238870206
3 0.45546875 0.6072130223726042 0.13125 0.12636539406758568
3 0.64453125 0.5588362344895342 0.1484375 0.13694226114786473
3 0.7328125 0.4909442581226463 0.128125 0.11833437278026224
3 0.59296875 0.4530668357303716 0.1109375 0.11557000569998319
3 0.4578125 0.5062678814071117 0.0953125 0.08947739926336577
3 0.3734375 0.4637304561648453 0.1171875 0.12069454827463008
3 0.74453125 0.31278105329518324 0.0765625 0.045978771539425
3 0.43515625 0.3992584107402068 0.109375 0.12952324505632146
3 0.334375 0.4039619722563887 0.0609375 0.05426116510280767
3 0.24609375 0.3968539486232768 0.13125 0.16386539406758568
3 0.17734375 0.47509891694439305 0.078125 0.07890053218308672
3 0.25859375 0.5241048634739828 0.0875 0.08268109604505725
3 0.12578125 0.4505795181852303 0.0515625 0.05829310124083733
3 0.16640625 0.4032074914500252 0.046875 0.05327781930985207
3 0.00703125 0.4776333271035222 0.0140625 0.060358345792955605
3 0.02578125 0.5192909493795813 0.0515625 0.04891810124083733
