3 0.37287990502226953 0.7865616687859784 0.0951221494796017 0.12185285668871906
3 0.48349317842801787 0.7998432827641644 0.09750352103089917 0.1375871173323807
3 0.32602815920614103 0.8933633258430145 0.1041762449116174 0.08668018119435103
3 0.28223497286466537 0.7041640680493443 0.10687852103089916 0.13824268119435104
3 0.5923159797620704 0.7136165696388282 0.08722776232447202 0.11974405347041035
3 0.41034668475959596 0.6360482165564056 0.09306832654882306 0.11236859604505725
3 0.2742830320006339 0.6331085228768073 0.10425148801421233 0.11782092055068923
3 0.16904997738722116 0.591428757289467 0.11641729534115867 0.14202324505632155
3 0.3303869470840678 0.5279950519578009 0.08015889077317429 0.10368201089576327
3 0.5309391457500153 0.5925881576381137 0.08484639077317446 0.10400979282674853
3 0.6596683333346864 0.527542675823344 0.08361143939369331 0.11015053218308672
3 0.5681326085494571 0.5066999341212173 0.08271068068726617 0.09296303218308673
3 0.681605288332212 0.4357158087430649 0.06856629353213642 0.09041718639013112
3 0.7827860080290587 0.37648863819237566 0.07942190637700648 0.08961951089576328
3 0.6136509056996381 0.32137443931699733 0.07111808344622794 0.07969820767745457
3 0.5852968543655855 0.40197422929375415 0.07835072930778501 0.09888525025210164
3 0.5132824135015541 0.33539837051134835 0.07761374491161739 0.08482275025210155
3 0.45760122229883854 0.4918558201430313 0.08870837516934209 0.1182908141140718
3 0.38509878053029595 0.44944408103879463 0.07457063206674715 0.08616672896477802
3 0.47143907225341 0.4060440062810608 0.07629690637700648 0.08940098960843983
3 0.35370933966626456 0.3800274455211836 0.06856629353213642 0.09041718639013112
3 0.4345366157855463 0.32300191333809686 0.0777775192218769 0.08794775025210155
3 0.33502461669005745 0.3058304748542787 0.07917624491161739 0.08493201089576327
3 0.22109823552782154 0.37061923055426194 0.07744997060135787 0.08169775025210146
3 0.27695981117213353 0.2849823793134247 0.07210737336031983 0.06886996832111639
3 0.37316642582602605 0.23155174069372056 0.0631418091359686 0.07602690445914587
3 0.43851146483560666 0.262009783016266 0.07227114767057934 0.07199496832111638
3 0.5447205212580417 0.25536130924726796 0.07276247060135788 0.08136996832111638
3 0.6373108129811558 0.21152419191488736 0.06478619629109836 0.07769866510280768
3 0.5532567175491401 0.1815960273162828 0.05960737336031983 0.06799588317182241
3 0.46259409599784257 0.20350351432683259 0.06108798620519007 0.06654264381548422
3 0.39149370194530786 0.17889663425710323 0.06577548620519007 0.0668704257464694
3 0.31434802578059756 0.15082054676202086 0.06922803482570909 0.07333894703379285
3 0.4129426560383223 0.11123388685499327 0.06914614767057933 0.07177644703379285
3 0.4251427628902988 0.05667207299302287 0.05574538896415202 0.05371486188449899
3 0.4900473886254678 0.14009122435007565 0.057635437584671226 0.06007412252816073
3 0.5040966005203984 0.07995139984444352 0.056318599050060314 0.064652361884499
3 0.5155564009499397 0.0249516334623613 0.05401911465389251 0.0499032669247226
3 0.5872676266396801 0.02405576897997226 0.057144114653892505 0.04811153795994452
3 0.6591902142697798 0.046532976443762614 0.05500176051544958 0.06923060124083726
3 0.7270870431934521 0.08770999747898453 0.05138543758467105 0.05963707995351379
3 0.7476994363414756 0.13997733782405852 0.05467421189493056 0.06298060124083724
3 0.6484740422889409 0.11733714934024042 0.05467421189493056 0.06298060124083724
3 0.57536409090946 0.11622239959234197 0.058536196291098366 0.07726162252816068
3 0.5771213427184823 0.06783952991417283 0.05689180913596843 0.07558986188449897
3 0.4393138104947649 0.7219803627176782 0.040441293532136414 0.08845049480421992
