3 0.8814019317001179 0.6195570835982511 0.23146921037960516 0.31293322367353404
3 0.6571109797083281 0.5042289149519172 0.12590903590796182 0.15988712852981452
3 0.5897285578689634 0.4054253535900038 0.03777271077238851 0.04796613855894449
3 0.30562574776050483 0.5011770889420205 0.056631795081344014 0.06726170783841638
3 0.5363343505144205 0.7217694191085524 0.11304542154477701 0.09702341567683312
3 0.5854627178044713 0.6016100318032492 0.08799087939029934 0.08692098997087001
3 0.48650304303824043 0.5599657525737894 0.06283634328594587 0.05963106426490725
3 0.13104286251647296 0.7030986047771381 0.08012383723582168 0.07731866943775678
3 0.22773203103618794 0.5979588122198433 0.05339771077238851 0.04842077962517131
3 0.17298544370217042 0.6097063059516371 0.050281801131468115 0.04989235141192587
3 0.31304736232008123 0.5681372684089071 0.04399543969514967 0.04346049498543501
3 0.24818997678146185 0.5723677788337482 0.058176114363184706 0.0641821719450391
3 0.3210462146812134 0.5358786978757937 0.03927157825883123 0.03707410266556703
3 0.5714098290443982 0.4661044408161647 0.0392533975406721 0.033949102665567034
3 0.5817387958669109 0.4361214241231172 0.026717036104353477 0.027335389812585476
3 0.5465461844305924 0.44339436652212755 0.02199317466803503 0.020948997492717503
3 0.25623428093799205 0.5322967083006349 0.058167024004105096 0.0626196719450391
