3 0.306740149512511 0.6545929366543821 0.16380173871722886 0.11157471303635713
3 0.04724810688870913 0.657270623936984 0.09449621377741826 0.09540783697334128
3 0.054494137140700914 0.5540818510581668 0.10898827428140183 0.08156847758022465
3 0.20617551134927808 0.5482309795370787 0.13821070533113405 0.08922148091420468
3 0.54928535068701 0.6761020484633946 0.19118259263643722 0.14186799091614438
3 0.5360077638565606 0.5431300517973745 0.16049488229073816 0.10506962152108805
3 0.38757392702611115 0.4211907631667417 0.12226745658477522 0.0770085233378591
3 0.36496548964166575 0.5017551080159907 0.12294941818411545 0.10044602333785928
3 0.770320579375109 0.47256323390982874 0.15544366943775678 0.09218698424818453
3 0.5361956319615337 0.48310134755500905 0.13012542069139793 0.07920875212603189
3 0.7842179433234471 0.5306627763334835 0.17437552586424748 0.09996753333979883
3 0.17177543078703483 0.47154080484149025 0.23828491316955058 0.1535068636451804
3 0.9071279090794224 0.37800054875325867 0.1630121285298145 0.1380096672787227
