3 0.6811438636378397 0.6447449891695145 0.457869969469704 0.4881988227570144
3 0.2897409356641071 0.6504968413743752 0.44454445386587177 0.5019340144363893
3 0.13054183457788188 0.3299992373665626 0.2080868962002413 0.24829594889756965
3 0.8138866010862253 0.335735624712466 0.14502697421940242 0.1766014804327085
3 0.2739786533247889 0.2199183353904516 0.11213923111680746 0.14462412860909737
3 0.32150875056582684 0.20850936312586832 0.10021908525525039 0.12561955547083342
3 0.38322417853955953 0.19508394918191002 0.09175148801421233 0.11293771751493065
3 0.7825381037997587 0.2622611039109034 0.09076219810012062 0.12383884992375008
3 0.8212597670741703 0.20997255850805624 0.05401247060135787 0.07772626291777777
3 0.5342477679786815 0.1790439879352435 0.06190685775648763 0.0794706008736806
3 0.585479397331895 0.1716321846486116 0.05500176051544958 0.06682513050895836
3 0.6490915179786814 0.18171700588701445 0.04669793758467104 0.057268292553055614
3 0.3173900593631112 0.3617252821038197 0.09825379353213633 0.08811955547083343
3 0.3322271653105765 0.33234690662885447 0.08099105042954129 0.05650587955902786
3 0.34427014190482813 0.3115077297671184 0.08320864767057934 0.06904224715020843
3 0.41638083729141534 0.2639073375746531 0.0655298247398008 0.05926720364722229
3 0.4398969024202778 0.24802841764677122 0.05549972749876275 0.046548998100138926
3 0.6767274378118137 0.38573301187093806 0.08838747060135788 0.07852634992375007
3 0.6358058666900575 0.3456704031134728 0.08164614767057934 0.06900587955902786
3 0.6631330065587207 0.2719971669811811 0.05566350180902226 0.04967399810013893
3 0.6846771359119342 0.26389437946211863 0.04785100180902226 0.049492160144236144
