3 0.6992177865311844 0.794122720840271 0.1494932597392326 0.15684081306795045
3 0.8175877313356089 0.6870444290696573 0.14283415665497756 0.13311221463952716
3 0.4703814947282895 0.6450708289886041 0.1018273271096728 0.10934507485477489
3 0.544978120133679 0.5820849855225794 0.09053527110331831 0.08852315260503403
3 0.3443684196472116 0.6524937231165826 0.1148182508107789 0.1380522717116218
3 0.40110143506848706 0.5378533343652876 0.06345457386326192 0.057598484284234176
3 0.5323747544675221 0.49783626405862663 0.050790932629559825 0.04764128742738745
3 0.28445940584749396 0.5011452388323483 0.04755683847375849 0.04124573821317572
3 0.3047270413991531 0.4598674214211715 0.04273297077900677 0.03321491439185813
3 0.3224463754086847 0.4301991920993359 0.034838650162155815 0.028163541356328814
3 0.19122760308755038 0.46709126240599674 0.03810001785690753 0.03612159057054072
3 0.22355886201600414 0.45139564185166686 0.038018197240056395 0.03143409057054054
3 0.2584520592560606 0.4233091832079957 0.03163182954530477 0.023330492142117264
3 0.16340261201600412 0.4485938194780914 0.03171365016215577 0.028017992142117264
3 0.10759274005889645 0.7850728209258335 0.2151854801177929 0.35557371960192585
3 0.5891235864484589 0.5614664245215433 0.03382162094116268 0.05934076674922295
3 0.5429304249222173 0.5202206863083676 0.030451159090609536 0.045132717535011226
3 0.41096340462967795 0.46559734470436975 0.01937729139585791 0.036810795285270356
3 0.29130546956448605 0.4224936999572188 0.012854556006354479 0.020894696856846907
3 0.16095945048976262 0.4093857702638797 0.02694432954530477 0.023112168320799497
3 0.19941797849293982 0.40101249813797324 0.02694432954530477 0.023112168320799497
