3 0.8215245164203001 0.6282325685949874 0.13320588410204479 0.1192195266917457
3 0.6891277873258131 0.47930693175057987 0.06036064732681172 0.04610567885919252
3 0.6439818872975783 0.45152944163641173 0.05530912628012423 0.03966467787060921
3 0.6147872109609842 0.43089594806220227 0.048786110495108836 0.0347225098858317
3 0.6015437583160308 0.4174064510279519 0.04418961575678075 0.036094008897248564
3 0.5247537451618511 0.424432383841477 0.04905912628012441 0.039410009885831696
3 0.5704680635635853 0.4023053744499368 0.04079159997176518 0.031279174904859805
3 0.5507470977644522 0.39297679540046393 0.031143584186749607 0.02620967292769345
3 0.5645743793344833 0.3830606259328116 0.02747255261671846 0.016707338935304607
3 0.5878753714419755 0.38444937098989573 0.04042757892507787 0.025029174904859806
3 0.6565343661803038 0.3832105231573425 0.057342063140062294 0.021042011862998145
3 0.7326418398719444 0.38790334034381735 0.04824007892507769 0.025347509885831697
3 0.9493820188393745 0.4001155443746997 0.051547089448421346 0.028599843878220454
3 0.5794405161379513 0.34192628996325647 0.017915542093374804 0.013200336958138336
3 0.5813670371846389 0.33561262296706207 0.016262036831702888 0.011574169961943959
3 0.556040813492998 0.32885062840426954 0.011392526308359407 0.008258168973360736
3 0.5087485845396854 0.3245424717881985 0.023149073663405774 0.02276633794672147
3 0.45930232138550575 0.3304542321683218 0.021040542093374803 0.013327670950527093
3 0.38747282401634175 0.3326016639932638 0.022694047355046633 0.014953837946721471
3 0.3841735187687873 0.34910341448755544 0.024620568401734034 0.02126750494291585
3 0.34762907401634174 0.3342251723962208 0.026001057878390375 0.018206171939110227
3 0.3546757345679203 0.3604375039171516 0.031234589448421436 0.02777217292769345
3 0.3533792741010463 0.42284200342286005 0.05107665258848364 0.04728617688202626
3 0.2877843661803037 0.3982359342592189 0.04482665258848364 0.04703150889724857
3 0.2888078108621621 0.34051893475351047 0.029308068401734035 0.021458505931498985
3 0.3018083398013573 0.33141584878395536 0.024438557878390377 0.01814250494291585
3 0.2171148213855058 0.3403226165784525 0.029308068401734035 0.02145850593149907
3 0.1764898213855058 0.3419779584795067 0.03252407366340586 0.023148339923887828
3 0.292754045288908 0.5671623477953721 0.09488683674699842 0.10362901878308044
