3 0.0828125 0.8078125 0.1640625 0.1765625
3 0.415625 0.703125 0.15625 0.159375
3 0.259375 0.59375 0.121875 0.0984375
3 0.6765625 0.5375 0.09375 0.075
3 0.6875 0.4765625 0.0734375 0.0515625
3 0.696875 0.41875 0.06875 0.059375
3 0.565625 0.4328125 0.065625 0.059375
3 0.534375 0.3953125 0.0609375 0.040625
3 0.3890625 0.403125 0.0734375 0.0546875
3 0.8046875 0.3546875 0.046875 0.0421875
3 0.7 0.334375 0.05 0.034375
3 0.68125 0.303125 0.046875 0.0265625
3 0.771875 0.3375 0.0390625 0.034375
3 0.809375 0.33125 0.0484375 0.03125
3 0.815625 0.3109375 0.046875 0.0296875
3 0.9390625 0.2921875 0.040625 0.0296875
3 0.9859375 0.2859375 0.028125 0.03125
3 0.9859375 0.41875 0.028125 0.0515625
