3 0.021875 0.637788426336594 0.04375 0.1119231473268119
3 0.19765625 0.5939565843985111 0.10625 0.10150085779368574
3 0.35234375 0.5607283134929981 0.071875 0.08074874203690499
3 0.63515625 0.7169126111303934 0.121875 0.1180359104104042
3 0.76015625 0.5729134401966454 0.0703125 0.05253273677523325
3 0.65234375 0.539349053252003 0.053125 0.04528167889684287
3 0.56171875 0.48681485842897027 0.034375 0.033252115756780755
3 0.59609375 0.46293774267218957 0.028125 0.02507559471009326
3 0.63515625 0.4653501111303934 0.028125 0.023513094710093264
3 0.46171875 0.4402954451759686 0.025 0.023331084186749607
3 0.54921875 0.44535540052234507 0.021875 0.02002407366340595
3 0.39140625 0.4147031819512018 0.0578125 0.06274219468185845
3 0.59140625 0.4194607584572051 0.0265625 0.029672089448421347
3 0.471875 0.4193914109751016 0.0171875 0.016626057878390377
3 0.5890625 0.44772226634971285 0.0203125 0.016808068401734034
