3 0.41275282818880293 0.4526677296125358 0.2957816656070108 0.21599603919208263
3 0.17507786556766983 0.41748170203242874 0.28545617080279084 0.17983121865896906
3 0.7712483892007818 0.48823653892938523 0.2585330378830701 0.19620036473976085
3 0.09577168588592805 0.22799931637647827 0.1915433717718561 0.1365693004748537
3 0.16759777338101042 0.15651310979170302 0.17160148441265974 0.11258623119538154
3 0.32070099404791524 0.17466841323605758 0.1779278940675857 0.13616012351524956
3 0.25387376298945025 0.08227397624732359 0.13835194183801275 0.10538148495630521
3 0.4568787946683339 0.14497725006650702 0.14103989926336577 0.09922241316955054
3 0.5731811378633994 0.10962712028305129 0.14049359604505723 0.09140991316955058
3 0.4643249439316997 0.04964201801319566 0.13158848960843983 0.07555759263643716
3 0.6718589384838181 0.08102709567244507 0.13522694183801284 0.10529055674305984
3 0.6058022497478984 0.05566103431053169 0.10248014381548423 0.060676738717228895
3 0.7529286220239577 0.07009194418137696 0.07613616510280767 0.06302884890464333
