3 0.85 0.63125 0.165625 0.153125
3 0.4515625 0.7453125 0.1984375 0.196875
3 0.209375 0.5796875 0.1421875 0.1375
3 0.5234375 0.5109375 0.1421875 0.125
3 0.7796875 0.45 0.1296875 0.1015625
3 0.7671875 0.565625 0.153125 0.1234375
3 0.05625 0.4859375 0.1125 0.1171875
3 0.334375 0.39375 0.1140625 0.09375
3 0.54375 0.35625 0.1109375 0.0921875
3 0.7234375 0.3359375 0.09375 0.0796875
3 0.68125 0.2796875 0.103125 0.103125
3 0.34375 0.3078125 0.0875 0.071875
3 0.096875 0.4109375 0.121875 0.09375
3 0.165625 0.3453125 0.1109375 0.0828125
3 0.203125 0.3015625 0.1015625 0.071875
3 0.48125 0.2109375 0.0890625 0.1109375
3 0.3625 0.2671875 0.0890625 0.0796875
3 0.5484375 0.165625 0.0625 0.071875
