3 0.47320128566905684 0.6654244548080486 0.34804306183678796 0.46856353947951346
3 0.7008428788252239 0.5724614065337782 0.14886632033565023 0.15881140036914018
3 0.8280780398182417 0.6960164273532692 0.08660311867597628 0.1579312183831675
3 0.07763467354081871 0.6528524946013292 0.15526934708163742 0.18525278685861987
3 0.23188123650353817 0.4623345234403846 0.12869553029369402 0.1388598457733483
3 0.5963250126480473 0.3459513664359558 0.0829560551888033 0.08928134793281677
3 0.31388213339861604 0.17790826110188346 0.03806868506293437 0.0304279796419344
3 0.6122730118228548 0.15620774598560513 0.03170028589277152 0.02846496144333708
3 0.5802166058042145 0.23736810841639136 0.08785704274124875 0.11291910703211538
3 0.3722623958461707 0.20520074876338232 0.020029080083912555 0.03860142504614252
