3 0.8578125 0.8203125 0.13125 0.0984375
3 0.9625 0.7171875 0.0734375 0.08125
3 0.7421875 0.7125 0.1078125 0.084375
3 0.5828125 0.7453125 0.1078125 0.0765625
3 0.5921875 0.8171875 0.1234375 0.0953125
3 0.390625 0.7859375 0.1453125 0.115625
3 0.1546875 0.825 0.134375 0.084375
3 0.2 0.73125 0.1171875 0.103125
3 0.2296875 0.659375 0.0953125 0.084375
3 0.4140625 0.6921875 0.109375 0.078125
3 0.578125 0.634375 0.090625 0.0828125
3 0.734375 0.621875 0.0859375 0.0640625
3 0.7890625 0.490625 0.0640625 0.0515625
3 0.7015625 0.58125 0.0765625 0.053125
3 0.7015625 0.546875 0.078125 0.05625
3 0.68125 0.5171875 0.0609375 0.0453125
3 0.6671875 0.490625 0.059375 0.046875
3 0.6578125 0.4671875 0.053125 0.034375
3 0.640625 0.4375 0.046875 0.0328125
3 0.55625 0.48125 0.0640625 0.0546875
3 0.559375 0.53125 0.0703125 0.05625
3 0.565625 0.5765625 0.0859375 0.0609375
3 0.425 0.6234375 0.08125 0.0703125
3 0.4328125 0.5578125 0.06875 0.0609375
3 0.459375 0.4734375 0.0578125 0.04375
3 0.4671875 0.440625 0.0484375 0.0328125
3 0.50625 0.425 0.0421875 0.034375
3 0.3671875 0.459375 0.053125 0.0375
3 0.3375 0.5140625 0.0796875 0.0578125
3 0.3 0.5625 0.0765625 0.05
3 0.284375 0.603125 0.084375 0.05625
3 0.2640625 0.634375 0.08125 0.0625
3 0.3953125 0.421875 0.0515625 0.0453125
3 0.5578125 0.41875 0.0390625 0.0265625
3 0.4265625 0.340625 0.025 0.0234375
3 0.4640625 0.3765625 0.0328125 0.0296875
3 0.5046875 0.39375 0.0359375 0.0265625
