3 0.5171875 0.6921875 0.1515625 0.1328125
3 0.6953125 0.578125 0.1359375 0.1234375
3 0.746875 0.4640625 0.1125 0.090625
3 0.5921875 0.48125 0.1171875 0.0953125
3 0.6125 0.421875 0.0921875 0.0671875
3 0.4078125 0.490625 0.109375 0.0984375
3 0.4015625 0.40625 0.0953125 0.0640625
3 0.2 0.5046875 0.1015625 0.08125
3 0.2109375 0.38125 0.08125 0.059375
3 0.2265625 0.340625 0.0859375 0.046875
3 0.871875 0.4140625 0.115625 0.0671875
3 0.959375 0.4015625 0.0796875 0.06875
3 0.6203125 0.3484375 0.103125 0.0546875
3 0.5515625 0.303125 0.0828125 0.0375
