3 0.7732581948207603 0.21459515364300036 0.24125352103089917 0.1421661910658786
3 0.93030547320132 0.766748350914132 0.13938905359736004 0.1758091368892682
3 0.63482969640264 0.6964188500855625 0.20906954206179834 0.2715968258882322
3 0.40859806704942636 0.6983410308123588 0.2088305246489437 0.23729460049533807
3 0.22930455619529252 0.41535736455847394 0.13630042740790582 0.22144696856846852
3 0.39435966813565154 0.3818256189017001 0.13564533016686778 0.20894696856846853
3 0.529065538782438 0.3669368653870434 0.1322746687014785 0.20411391935425688
3 0.18144915309764625 0.20456756782546154 0.10703565128862395 0.16864730024766902
3 0.4347036278828756 0.1653615568672068 0.08008364767057934 0.07075345574818703
3 0.5694714535271876 0.24131612717386766 0.11155937697836435 0.16574062406898663
3 0.6501891870188442 0.22737559760436313 0.11295810266810502 0.16268839867609247
3 0.9129735492978875 0.4148412485567671 0.16261726594251655 0.2179966368892682
3 0.9901347563315781 0.3753912967375216 0.019730487336843794 0.16580909057054063
3 0.9265547345655099 0.306082678664391 0.1468905308689802 0.1971019400324213
