3 0.7250053230491877 0.4114793227641319 0.176246674511885 0.1629556280235443
3 0.24447056899199798 0.22311242536599848 0.0319045649348082 0.03786362667090888
3 0.6734503258885616 0.6350526354232686 0.12394778896022593 0.12016814401654478
3 0.7714826769442217 0.5682384001034043 0.10481595941492117 0.09807496801399936
3 0.5342069991859258 0.35458279073836035 0.05418866801906326 0.06155566534054513
3 0.5888535888775003 0.3528753874124509 0.041197744317957155 0.033285214672181596
3 0.4368001651763942 0.32298679805854275 0.036428423701106105 0.028543170671545236
3 0.41439333116686256 0.2922635093889065 0.030260244317957152 0.03315794533736351
3 0.4739046988616142 0.30076690006363344 0.031768197240056396 0.030051126670908878
3 0.5343064107121673 0.3155293814051331 0.031795470779006865 0.031613626670908876
3 0.2845479184228051 0.3712050273710892 0.0428420649348082 0.03799089600572696
3 0.14495358441327344 0.3391181386855446 0.04604888555165916 0.04271475867281786
3 0.2936132268647914 0.3088232060391346 0.03489319724005639 0.030087489337999783
3 0.2471512840889619 0.28719310669954395 0.030178423701106107 0.028470445337363426
3 0.15948764285525985 0.27679995202099905 0.030123876623205436 0.025345445337363427
3 0.6263865909060952 0.4446998080839961 0.06340002678536116 0.052289753341817756
