3 0.46407062031258084 0.8098559776036904 0.21028359456891899 0.1917175937808672
3 0.17346946516384845 0.6680540282191016 0.1974349840738101 0.15807629958972597
3 0.2535070337067568 0.5465593817482309 0.14120039462538872 0.1273698286340199
3 0.42233262841685015 0.5873530929556745 0.15985938936371688 0.12722811867597628
3 0.29742436270242173 0.4993301068531217 0.12292083148532651 0.10731743776222694
3 0.49764417058081206 0.5316135010489071 0.1423078683170294 0.11967572780418312
3 0.3297139469597585 0.4527753381817897 0.1311127630835925 0.08771533278320494
3 0.38122396807703307 0.38900975872257704 0.1058397472985769 0.08113344606059662
3 0.4154400733810572 0.34882338922140804 0.09453822625188942 0.07405465186945541
3 0.702900817978211 0.5168326410955079 0.13578485253201383 0.114514631123531
3 0.841546818048798 0.4534474151654246 0.11483531570031076 0.10203794191141177
3 0.8151215549652058 0.3736648267831422 0.09784523677523324 0.07741645020978138
3 0.6772344180911505 0.39666185105355156 0.10280575256024882 0.08245914772027056
3 0.5333934128294786 0.3842066273985534 0.09223227360693613 0.08788035352912935
3 0.5598656365917065 0.3045433608018139 0.07551521046687401 0.06794636182749914
3 0.557764081273565 0.3619414637062433 0.08498121572854593 0.07021925684847723
3 0.6814221181758551 0.30830974607452977 0.07753273677523324 0.07587726099766208
3 0.5949917945124492 0.2799819913006449 0.06697466837349922 0.054854365976683986
3 0.7921776076525113 0.31359108715610445 0.08341871572854576 0.0701008576783142
