3 0.15465274458972367 0.3220553666156335 0.30930548917944733 0.20973573323126704
3 0.9515070802330389 0.7396008716329115 0.06270590314042082 0.22416701186299798
3 0.7765120580632081 0.3828375825838761 0.1215233105039836 0.1001511917107738
3 0.538259551795002 0.31837719866803704 0.12584709765100222 0.08784219269935693
3 0.3219669620615586 0.3056530696951138 0.08619356426490725 0.06593801779449712
3 0.17004309771750908 0.39254162155854944 0.13343227711788871 0.08034802768032892
3 0.3298379833734596 0.4921317391627662 0.13861988229073816 0.09772652866891214
3 0.39280098462710084 0.5056477525086389 0.10888691818411544 0.0949543557412186
3 0.5264796511618637 0.5619361976794538 0.11283027210332382 0.12320668973360753
3 0.8184565510035791 0.6348430929639994 0.12202341567683313 0.1173386917107738
3 0.21141694081616472 0.5835141314443811 0.095188131037097 0.10688135277546902
3 0.3056299420698059 0.5983034847141419 0.10764266693047428 0.10582818874502423
3 0.1852970585254265 0.6747466265014653 0.13296091567683305 0.11778436068413463
3 0.22148695962078319 0.7481814679082278 0.15377352084968257 0.1357995316346617
3 0.07928508775488625 0.7697633547526355 0.1572167695960413 0.14686436562705046
3 0.0848782067177893 0.8732385232317046 0.14127352084968253 0.1352901956651067
3 0.6697676837565357 0.8524868963103097 0.1255121285298145 0.12996602570316257
3 0.8517905735691211 0.8333097678688592 0.15225648495630537 0.13729836463846717
3 0.9020058707452698 0.9354744457394684 0.14679609514371988 0.11054486364988421
3 0.7416306603995707 0.9590081979080092 0.1571425617576246 0.08198360418398173
3 0.9285756970843708 0.6674884496938012 0.11038723370266404 0.1465168557412186
3 0.8505081845479584 0.554802765891693 0.07194920783841638 0.05911501482874755
3 0.7432078130777731 0.42528240916189103 0.05641513605166182 0.061603344866803765
3 0.387544149446004 0.22932533304098665 0.0831594924781525 0.06893568380210838
3 0.05117577428140182 0.5261433473382617 0.053199207838416515 0.05835101087441501
3 0.448616446292948 0.9416476250185906 0.16480194906292792 0.11670474996281896
