3 0.18125 0.6984762305182395 0.190625 0.1830148717519414
3 0.59453125 0.7416275815706044 0.2328125 0.23531375730360046
3 0.80078125 0.5366339387120492 0.1640625 0.16536372158978557
3 0.47890625 0.5232030896882792 0.1640625 0.15286372158978576
3 0.215625 0.5076699983751469 0.146875 0.12756371266133187
3 0.25 0.6199887662320543 0.1734375 0.1545898628234877
3 0.9328125 0.41784480275335295 0.13125 0.1382284772718286
3 0.6421875 0.3752719245085897 0.13125 0.1179159772718286
3 0.4296875 0.37468772321134347 0.1265625 0.11314665665497756
3 0.24921875 0.3856001294625792 0.1078125 0.09875687418757355
3 0.2796875 0.32285071347211086 0.1203125 0.12085006249917622
3 0.61640625 0.29200941111590917 0.1 0.08924550649282174
3 0.87890625 0.35127886565956623 0.1359375 0.11799779788867956
3 0.7984375 0.2983117784036237 0.125 0.10686938311602719
3 0.75390625 0.261596982543539 0.1125 0.09102619480442442
3 0.46328125 0.2205866042987758 0.1078125 0.12688187418757346
3 0.590625 0.2556218977232285 0.1015625 0.09552278003177213
3 0.38828125 0.18802747442915949 0.0765625 0.08414890340856665
