3 0.57265625 0.6483365700277325 0.2796875 0.2619694855799068
3 0.39609375 0.5340962871815286 0.2015625 0.20982193374194402
3 0.13515625 0.5592691103203243 0.240625 0.23042695966092558
3 0.584375 0.3254363122520382 0.1359375 0.1337679901980553
3 0.54140625 0.2502893407629177 0.1125 0.10671747464666641
3 0.85546875 0.26343743237430717 0.1484375 0.14736159849212935
3 0.91328125 0.14822324401421472 0.0921875 0.1049403611687961
3 0.80859375 0.12925721347708488 0.1078125 0.0984948715363887
3 0.64296875 0.17031002337356604 0.1 0.0946863663525924
3 0.77109375 0.09191303835930704 0.0953125 0.07708876324231465
3 0.28359375 0.315032511828195 0.1078125 0.09224487153638865
3 0.08203125 0.3756356955701391 0.121875 0.10441268086722202
3 0.06015625 0.4619245100847686 0.1203125 0.1292759798304628
3 0.18203125 0.28173057921754663 0.1234375 0.09517438190398124
3 0.47265625 0.20239793638032494 0.0828125 0.07130765494824054
3 0.34765625 0.21099026932106552 0.0875 0.0592177580585183
3 0.54921875 0.15585583557912144 0.0890625 0.0702919590952776
3 0.43046875 0.1896826143728249 0.08125 0.06335845391148132
