3 0.19060039019569494 0.6010705093093648 0.18201763867708354 0.23642949069063518
3 0.19897266859670176 0.4235813086410012 0.07391158510611114 0.08833634134309047
3 0.13416397976711836 0.3586926526495917 0.03368532218833335 0.03788180800445442
3 0.09482872283326418 0.3474284359882278 0.014462543502986147 0.017351132001908985
3 0.7380715361878823 0.4188712485678227 0.1977140674386808 0.17256698535963527
3 0.36681282560680584 0.3489523839513204 0.06075696846486114 0.060065890674726855
3 0.1750974510817711 0.33789834731063745 0.014571646276527784 0.022038632001908986
3 0.19068608349059057 0.33615403397518295 0.01773301386770836 0.023637494668999892
3 0.4246675720914242 0.6522677406110935 0.12311280452090294 0.12171246268299925
3 0.3347666578631254 0.5165580546228656 0.07336607123840277 0.06489884134309047
3 0.5276795500555906 0.4447632285964578 0.06675239532659738 0.04920111600890866
3 0.5400879778672574 0.4071086872613215 0.05396145459715278 0.03655566534054522
3 0.22446167144649332 0.3435756353039559 0.014317073138263936 0.011101132001908987
3 0.24717247283326418 0.34565575596754694 0.017587543502986146 0.017387494668999894
