3 0.6181036210970123 0.8338340715972674 0.24347776232447185 0.1278952997741211
3 0.9100411004625979 0.847793071879616 0.1799177990748042 0.11717063140062187
3 0.8610043959173279 0.7513499823606073 0.2779912081653443 0.23770991553090184
3 0.5536892390302652 0.7560877741716335 0.24938028154634856 0.210798805035793
3 0.5228376294647553 0.6309358557275472 0.20202060266810484 0.1690971524473092
3 0.7544561216628392 0.6244983270001135 0.1977425384437538 0.17663663666229362
3 0.7090407230877487 0.5354582138035816 0.17562852103089915 0.1410785682605596
3 0.7080270997274288 0.47125920591107384 0.15195200361804453 0.10542949459715381
3 0.46859942955561235 0.4632625083160308 0.15169969810012063 0.1303384893354819
3 0.5244643272261917 0.5274013320500238 0.17858974672063965 0.13813557878390342
3 0.2778139772716202 0.4563508976091605 0.1599216338757694 0.13860601564384112
3 0.07129398236000284 0.38844857899566493 0.10129026232447189 0.11961382096198285
3 0.1002511420163698 0.3428784737622279 0.12382700361804462 0.10379139988706054
3 0.14306276175864502 0.3074723238045802 0.11568695499752564 0.09708637357870131
3 0.17358242141501196 0.2618112133094714 0.09619997060135788 0.0819318104386391
3 0.2099393232694628 0.22286283439851112 0.17785940637700665 0.09447658404557524
3 0.10452148292582972 0.18511918166885316 0.1364155348257091 0.07648544724210718
3 0.32130727046507224 0.31433072660482536 0.11782266508343389 0.10811487884037314
3 0.3158484865438743 0.26998148712816905 0.10541119629109837 0.07935284200867017
3 0.3352292503386843 0.2061619108339272 0.1598530348257091 0.07785052616718495
3 0.3861023535726161 0.16009898193708438 0.10755355042954129 0.06078485253201391
3 0.482593330505552 0.4013239504376404 0.12925148801421252 0.11812691567207612
3 0.45040495024782723 0.37028605304024154 0.1183958751693421 0.11905237884037315
3 0.46633316542211817 0.3003984872693434 0.1020405348257091 0.07448333148532651
3 0.46892922094004214 0.2751709741151638 0.10343926051544958 0.07144933674699834
3 0.7026557677515388 0.21924167960271457 0.1459543091359686 0.08015647881213823
3 0.6637547992978876 0.4189833453453778 0.13245837516934209 0.11987142619541977
3 0.7074295561952925 0.38509419275689416 0.1125619549975255 0.09690436305535757
3 0.6046144154221181 0.2923445216113848 0.09817190637700665 0.08983531570031093
3 0.6422306021022781 0.32228265059293226 0.1041762449116174 0.08551183674699833
3 0.662331740161919 0.34697183745287 0.11889384215265544 0.09883088410204496
3 0.4959719985296619 0.14821436098921903 0.05549972749876275 0.04840667889684287
3 0.5477392164174864 0.14911743735404798 0.04908595318850324 0.04491765785015547
3 0.5889407485296619 0.142799547919744 0.05064845318850324 0.045008663111827295
3 0.4514850141334942 0.1367000083160308 0.057226001809022264 0.051622684158514696
3 0.8304852758921392 0.43043053760816186 0.05704893939369349 0.10769067363517096
3 0.9558006999091428 0.5003195614268595 0.08839860018171422 0.43587585779368576
