3 0.4671875 0.3703125 0.040625 0.046875
3 0.51875 0.375 0.0546875 0.059375
3 0.603125 0.4 0.05625 0.0671875
3 0.546875 0.40625 0.0640625 0.0796875
3 0.3640625 0.421875 0.0375 0.0328125
3 0.621875 0.428125 0.0328125 0.0328125
3 0.6890625 0.4328125 0.0953125 0.084375
3 0.5671875 0.45 0.046875 0.040625
3 0.30625 0.453125 0.0484375 0.0421875
3 0.503125 0.471875 0.05 0.053125
3 0.1578125 0.4703125 0.10625 0.109375
3 0.5890625 0.4859375 0.053125 0.05625
3 0.5171875 0.50625 0.059375 0.0609375
3 0.7296875 0.578125 0.2234375 0.2515625
3 0.571875 0.621875 0.1015625 0.1171875
3 0.9359375 0.671875 0.128125 0.1296875
3 0.63125 0.80625 0.1578125 0.1375
