3 0.5186104738787127 0.8209981798849567 0.1608927236549981 0.14986203163466172
3 0.29693822865259756 0.8937141786120467 0.2486779888018452 0.21257164277590662
3 0.9039657881910784 0.7159803464240406 0.12209033278320476 0.13114652372599628
3 0.8705244809276828 0.6343974239906387 0.10433414772027057 0.10238485376405215
3 0.6902468303076272 0.7220698844473118 0.13423513527271602 0.1269683596955513
3 0.5793899954498298 0.5952752796946763 0.09162066016782511 0.0785016847906915
3 0.4514290935803745 0.49971608748961094 0.06688076929603178 0.060359179847775654
3 0.9580916454451854 0.4230062792375658 0.07142655933798814 0.07923651384016442
3 0.626334005198092 0.48503545805957715 0.06472627344521661 0.05248301285158128
3 0.6370212062330661 0.3896738785158127 0.046354781743586496 0.036157675893442945
3 0.6955207904661636 0.4216533903788108 0.05319677759440182 0.044224843878220454
3 0.7339078616270065 0.38349681577796213 0.04779888257342364 0.03465884288963732
3 0.7611691012540442 0.40407857121516966 0.0433481809137497 0.037592841901054184
3 0.8351501302983383 0.3525744210248892 0.04455548340326061 0.03296900889724856
3 0.9385343168111653 0.2882492772603994 0.039631185062934546 0.02965300790866543
3 0.9028103043636108 0.310158769351734 0.036387785892771515 0.027963173916276673
3 0.5516882800932014 0.43526360973273237 0.057765878424238616 0.04285334486680377
