3 0.390625 0.8328125 0.171875 0.1328125
3 0.365625 0.703125 0.1125 0.1
3 0.165625 0.6703125 0.10625 0.1328125
3 0.028125 0.778125 0.0546875 0.1671875
3 0.7890625 0.8046875 0.165625 0.1453125
3 0.7140625 0.6328125 0.1125 0.14375
3 0.8359375 0.5765625 0.090625 0.1109375
3 0.9515625 0.4796875 0.0953125 0.0765625
3 0.215625 0.53125 0.090625 0.0671875
3 0.36875 0.5171875 0.0890625 0.0703125
3 0.51875 0.4859375 0.0703125 0.071875
3 0.6296875 0.4328125 0.06875 0.0609375
3 0.725 0.415625 0.065625 0.06875
3 0.83125 0.4203125 0.0640625 0.0734375
3 0.7125 0.35 0.05625 0.04375
3 0.621875 0.371875 0.0484375 0.0578125
3 0.6203125 0.3390625 0.0515625 0.0453125
3 0.7515625 0.2984375 0.0453125 0.0375
3 0.096875 0.4390625 0.075 0.0640625
3 0.0609375 0.40625 0.06875 0.0484375
3 0.1359375 0.3546875 0.053125 0.053125
3 0.2140625 0.41875 0.0703125 0.0625
3 0.2796875 0.3765625 0.0609375 0.065625
3 0.365625 0.44375 0.0703125 0.0671875
3 0.38125 0.409375 0.0546875 0.05
3 0.396875 0.3765625 0.05625 0.046875
3 0.3234375 0.353125 0.0578125 0.0453125
3 0.4203125 0.3453125 0.0484375 0.05
3 0.4203125 0.3203125 0.046875 0.0453125
3 0.3484375 0.30625 0.0484375 0.0390625
3 0.4328125 0.2859375 0.0453125 0.0375
3 0.359375 0.2828125 0.0421875 0.0296875
3 0.43125 0.2640625 0.0453125 0.025
3 0.4265625 0.2453125 0.0359375 0.0265625
3 0.4296875 0.2078125 0.046875 0.059375
3 0.3453125 0.203125 0.0296875 0.0296875
3 0.353125 0.178125 0.0375 0.0484375
3 0.4328125 0.175 0.040625 0.040625
3 0.396875 0.1890625 0.025 0.0265625
3 0.603125 0.2765625 0.04375 0.0359375
3 0.6546875 0.2640625 0.040625 0.03125
3 0.725 0.2296875 0.0328125 0.034375
3 0.64375 0.2390625 0.034375 0.028125
3 0.5875 0.24375 0.0328125 0.028125
3 0.58125 0.221875 0.034375 0.03125
3 0.6234375 0.215625 0.028125 0.0265625
3 0.709375 0.215625 0.0296875 0.0328125
3 0.6859375 0.2 0.028125 0.025
3 0.6234375 0.1921875 0.025 0.01875
3 0.5734375 0.2015625 0.021875 0.01875
3 0.6046875 0.178125 0.025 0.021875
3 0.6546875 0.1765625 0.0234375 0.0203125
3 0.5546875 0.16875 0.021875 0.021875
3 0.5828125 0.1625 0.0234375 0.0203125
3 0.509375 0.1625 0.021875 0.0171875
3 0.8578125 0.453125 0.0265625 0.0609375
