3 0.146875 0.834375 0.1109375 0.0859375
3 0.034375 0.7984375 0.0671875 0.078125
3 0.125 0.7171875 0.08125 0.0640625
3 0.3015625 0.765625 0.0828125 0.08125
3 0.259375 0.6875 0.06875 0.06875
3 0.3328125 0.653125 0.0609375 0.0484375
3 0.21875 0.6125 0.0515625 0.0296875
3 0.409375 0.59375 0.0359375 0.03125
3 0.35 0.5765625 0.0265625 0.025
3 0.3765625 0.5359375 0.0234375 0.0125
3 0.315625 0.5828125 0.04375 0.040625
3 0.0203125 0.578125 0.040625 0.0390625
3 0.6921875 0.8546875 0.109375 0.084375
3 0.665625 0.7953125 0.0921875 0.06875
3 0.6375 0.75 0.0765625 0.0546875
3 0.7203125 0.728125 0.0703125 0.0515625
3 0.621875 0.715625 0.0703125 0.053125
3 0.709375 0.6953125 0.065625 0.0484375
3 0.61875 0.6828125 0.065625 0.0421875
3 0.6890625 0.6703125 0.059375 0.04375
3 0.8046875 0.6859375 0.0671875 0.046875
3 0.5953125 0.6640625 0.0578125 0.0484375
3 0.653125 0.634375 0.0515625 0.046875
3 0.9734375 0.75 0.0515625 0.075
3 0.91875 0.709375 0.075 0.059375
3 0.8875 0.6828125 0.0640625 0.0484375
3 0.940625 0.6671875 0.065625 0.046875
3 0.9125 0.625 0.05 0.0296875
3 0.8859375 0.615625 0.0359375 0.0265625
3 0.96875 0.5546875 0.0375 0.015625
3 0.9640625 0.5390625 0.046875 0.015625
3 0.8515625 0.653125 0.0671875 0.0578125
3 0.7640625 0.653125 0.0484375 0.0359375
3 0.8140625 0.6484375 0.025 0.03125
3 0.7984375 0.625 0.0546875 0.05
3 0.765625 0.6203125 0.025 0.028125
3 0.75625 0.6125 0.034375 0.028125
3 0.7375 0.6 0.0375 0.0296875
3 0.721875 0.590625 0.03125 0.025
3 0.721875 0.6390625 0.05625 0.0296875
3 0.7078125 0.6203125 0.04375 0.0265625
3 0.6875 0.609375 0.0359375 0.021875
3 0.675 0.5921875 0.0390625 0.0359375
3 0.5828125 0.64375 0.0453125 0.0328125
3 0.58125 0.6234375 0.040625 0.0265625
3 0.6296875 0.6171875 0.0375 0.028125
3 0.56875 0.6171875 0.0359375 0.025
3 0.5625 0.5921875 0.034375 0.021875
3 0.5890625 0.5765625 0.028125 0.0203125
3 0.6171875 0.590625 0.0375 0.0375
3 0.83125 0.796875 0.15 0.1578125
