3 0.3859375 0.734375 0.1203125 0.10625
3 0.646875 0.7609375 0.14375 0.134375
3 0.6140625 0.678125 0.10625 0.0890625
3 0.65 0.6453125 0.0984375 0.084375
3 0.6484375 0.5765625 0.078125 0.059375
3 0.64375 0.534375 0.071875 0.0609375
3 0.6546875 0.5046875 0.071875 0.053125
3 0.64375 0.4765625 0.06875 0.05625
3 0.4421875 0.659375 0.1015625 0.084375
3 0.4515625 0.6 0.09375 0.084375
3 0.490625 0.5609375 0.08125 0.0859375
3 0.5140625 0.503125 0.0625 0.0671875
3 0.5328125 0.4671875 0.0578125 0.0578125
3 0.559375 0.4359375 0.046875 0.0359375
3 0.5734375 0.4109375 0.040625 0.034375
3 0.19375 0.7171875 0.121875 0.0921875
3 0.125 0.7875 0.13125 0.0828125
3 0.0484375 0.6828125 0.096875 0.09375
3 0.1046875 0.621875 0.115625 0.0921875
3 0.1421875 0.596875 0.08125 0.0703125
3 0.1890625 0.5703125 0.0703125 0.0640625
3 0.215625 0.546875 0.078125 0.0734375
3 0.265625 0.51875 0.0625 0.053125
3 0.2859375 0.4890625 0.0625 0.0515625
3 0.3234375 0.4734375 0.0578125 0.046875
3 0.2421875 0.671875 0.1109375 0.078125
3 0.284375 0.621875 0.0890625 0.0703125
3 0.321875 0.59375 0.08125 0.075
3 0.3640625 0.525 0.078125 0.06875
3 0.40625 0.490625 0.059375 0.0734375
3 0.4421875 0.4515625 0.0546875 0.0390625
3 0.471875 0.4359375 0.05 0.0390625
3 0.4265625 0.4078125 0.04375 0.0390625
3 0.490625 0.41875 0.040625 0.0375
3 0.653125 0.3921875 0.0609375 0.0828125
3 0.29375 0.4296875 0.0578125 0.034375
3 0.2109375 0.4671875 0.075 0.04375
3 0.109375 0.515625 0.0890625 0.0609375
