3 0.5328491265281385 0.7181617310640604 0.09323210085908258 0.10988406010845857
3 0.5266378273417927 0.5235350322937246 0.05286605042954129 0.05497839149054791
3 0.5237385566495778 0.4297395804983264 0.036258404567984216 0.036137487899751616
3 0.5244688969932108 0.3859804901392468 0.026392081637205855 0.026707945745273864
3 0.5681812754419132 0.4018645653730159 0.02968085594746519 0.029851126463433176
3 0.7504194860936484 0.5928264295398089 0.027947937584671047 0.056395445745273956
3 0.7293124479885791 0.5333105289740748 0.021206614653892685 0.04698408430895533
3 0.6760546511770823 0.4908003212267483 0.019316566033373662 0.04072499394987581
3 0.7136365383322121 0.4894559898446592 0.019152791723114147 0.03759999394987581
3 0.6766212172104558 0.4501662308676687 0.01405585594746519 0.02976022287263689
3 0.643440225012372 0.45700658332699684 0.017344630257724702 0.032903403590796285
3 0.6465209594085397 0.4429577188656162 0.015454581637205677 0.026644313231716586
3 0.611231912597043 0.40055205024770535 0.010439533016686653 0.020367042154477665
3 0.6170658327688596 0.37870432132494425 0.007232645861557074 0.018786361436318445
3 0.5991380263464243 0.37781853219552863 0.00871325870642714 0.017232951795398143
3 0.5860581722079814 0.358986718963812 0.007068871551297562 0.015661361436318445
3 0.17779421359241124 0.5441686773985095 0.02252345318850333 0.04230567466803503
3 0.24189101311744138 0.5140635417616943 0.02071529172311406 0.037609084308955334
3 0.2506418933751662 0.4812919483775525 0.018825243102595035 0.03134999394987581
3 0.27239406264247157 0.4837629634046672 0.018825243102595035 0.03134999394987581
3 0.29783779794315046 0.4456180687908614 0.017017081637205854 0.02665340359079611
3 0.33718358095983725 0.4255282825883121 0.012165807326946342 0.023501132513557364
3 0.3690034690194781 0.3999242945903646 0.010357645861557074 0.018804542154477754
