3 0.7375 0.6671875 0.103125 0.0859375
3 0.4515625 0.6453125 0.0875 0.09375
3 0.23125 0.6890625 0.1796875 0.2390625
3 0.1765625 0.503125 0.2265625 0.0953125
3 0.471875 0.5578125 0.0953125 0.1015625
3 0.6125 0.5 0.0921875 0.071875
3 0.7515625 0.5015625 0.0765625 0.0765625
3 0.7375 0.384375 0.0734375 0.0640625
3 0.6203125 0.35625 0.0765625 0.0796875
3 0.784375 0.2828125 0.05625 0.04375
3 0.684375 0.265625 0.05625 0.053125
3 0.68125 0.21875 0.053125 0.040625
3 0.4703125 0.2296875 0.0578125 0.0484375
