3 0.5913394560879708 0.3558906308757274 0.19242743664223277 0.14494903855474384
3 0.82797108875559 0.2553654129674996 0.15383483020561534 0.12779603064607842
3 0.8623410988950487 0.10823840357595944 0.12450796312533612 0.10946252471457937
3 0.14049749397104067 0.5638622287454618 0.21128669728589444 0.14727554250907637
3 0.15194881017879958 0.48113064178732345 0.17952324505632147 0.116378369581383
3 0.20649456252458812 0.3872413789357422 0.15553944183801277 0.10761086463846717
3 0.34853995089219064 0.40182384927824694 0.1807251121366006 0.133565869581383
3 0.3433993468013618 0.29469709878395534 0.14761768119435104 0.10573002965749527
3 0.45100975100840623 0.27620974254844516 0.12432229282674853 0.08452619171077372
3 0.4890067777436113 0.31540223513407134 0.13925887797604233 0.0975991946765233
3 0.5808175833077085 0.2278292978719219 0.12643109604505726 0.09240235870696818
3 0.46012267105489235 0.22726290657888998 0.1012454257464693 0.06644735376405234
3 0.5337897639978564 0.18273697376536482 0.10502598960843983 0.07594968775644104
3 0.7140728436992687 0.15031976870871824 0.08551116510280768 0.06424818380210837
3 0.6441973862739155 0.15943478353746582 0.09219820767745475 0.07075285178688588
3 0.618175835653497 0.13464037197847892 0.09957366510280767 0.06482118676785786
3 0.697825130826034 0.11964277167446775 0.07202781930985189 0.049676347832553217
3 0.7956945482746302 0.08509933391802668 0.08194912252816078 0.05787084980971957
