3 0.3182114740320083 0.8715434132360576 0.053035271103318314 0.08587531551854859
3 0.9124423096630977 0.5583096950393068 0.07493754464226861 0.08807431301126592
3 0.7487713218379624 0.49591865828799964 0.0888091298696164 0.07754598997087019
3 0.6481343478125445 0.5800556290585399 0.07164890340856651 0.07860838479802065
3 0.5187508108809137 0.611150167854911 0.08721935633066594 0.07593802586424747
3 0.47819972321793414 0.5186276987337235 0.06846935633066593 0.0753924565847754
3 0.43118044724335175 0.4387870860390266 0.07312958279171564 0.07396634890464338
3 0.31570545170757863 0.4335576799291051 0.07611821509696393 0.06624477711788863
3 0.22804971875370716 0.5344957057933525 0.057340941558013545 0.06413670783841656
3 0.12174517167580652 0.5407122650436949 0.07444662094116258 0.059949313011265916
3 0.06910318709708202 0.42511600877548866 0.062246629869616335 0.07677310015828454
3 0.12396796510025923 0.4133685150436948 0.044868215096963926 0.065335494985435
