3 0.13452232390076319 0.8310216386457736 0.13677526101791676 0.10468859468490806
3 0.033777821144687206 0.7307227413271822 0.06755564228937441 0.08526588534372692
3 0.248841356670173 0.7180029232972744 0.11297408510611122 0.08879087468172671
3 0.4083611738245133 0.7434830866088663 0.11279224715020834 0.08097837468172653
3 0.39965701463020764 0.8154399026098208 0.12889002583555573 0.10147268801718105
3 0.6013292706141312 0.7748223512492312 0.15280030452090293 0.12205790802036276
3 0.8373388525861104 0.8025366292170963 0.1395729526972918 0.09066245735199914
3 0.7910470404657634 0.7109127505570051 0.12282186379145835 0.10921246268299925
3 0.7606523320688885 0.6409729678946867 0.10047408510611114 0.08864542401336309
3 0.5769306422893744 0.6821626839195037 0.11439111474138901 0.08255905601527207
3 0.41174270659392304 0.6317552459420936 0.09575021751493065 0.08702838001272681
3 0.2556563607542356 0.626542129296638 0.08906380642076392 0.068205654678545
3 0.19928168702663154 0.49832676997136494 0.06686149810013893 0.053888616008908666
3 0.2878701019205203 0.5847722526257291 0.07943423328249999 0.05715906667727211
3 0.28710768892649263 0.5504154339592746 0.08106946846486114 0.06030224801081765
3 0.3073481069545135 0.5197194172899565 0.06359102773541672 0.04760225334181776
3 0.3212657898001732 0.49222112595482026 0.0620648953265972 0.049146572008272216
3 0.33040505366788153 0.4686836286203203 0.05556032218833336 0.038136346674090583
3 0.34673922169590243 0.43803306528486585 0.04923758700597229 0.03493862133990877
3 0.4317129805296177 0.47843934193986637 0.06693423328249999 0.05701361600890866
3 0.4289867176118398 0.5284575232734119 0.07325696846486114 0.060211341343090474
3 0.4232445574676037 0.5738245672740481 0.08899107123840277 0.065080654678545
3 0.5644501325057286 0.6143575659214127 0.08608427678548622 0.0744192920114541
3 0.556602571335312 0.5488416539226855 0.07180357123840278 0.06488066000954511
3 0.5288607374634718 0.46559334926004875 0.06042966014423605 0.04600339067472703
3 0.5202312730826733 0.4336711872613215 0.05080008700597229 0.034956802673454135
3 0.48151426519888857 0.41928197059995764 0.04458645459715278 0.0364465773392725
3 0.6206670309664579 0.44734224124764027 0.05403418977951393 0.03968066534054522
3 0.6514435990707288 0.5008757739099587 0.08266833605604162 0.061882929344363194
3 0.689415071335312 0.5472962405713225 0.07936149810013901 0.054034066677272286
3 0.7048939477602079 0.5869490865690954 0.08731946846486113 0.06037497334499946
3 0.7260597797321869 0.6171632978994592 0.08433993882958343 0.06658861067790856
3 0.5918341693592011 0.4109689365850038 0.054216027735416714 0.04749316534054504
3 0.4292614341768399 0.41598479527373 0.04127961664125017 0.028597714672181595
3 0.5600951665094094 0.3316723352562308 0.027144381458888846 0.02530908267027261
3 0.5225217781166663 0.36881834659454876 0.03510235182361114 0.031649989337999784
3 0.48224161702249974 0.38803197059995764 0.03815461664125017 0.02856135200509069
