3 0.41779735215247715 0.41387295413661995 0.07856595574818712 0.0778716298696164
3 0.5826603728306414 0.3995491757264057 0.03924659057054072 0.0381545649348082
3 0.30240563854640723 0.45720812256272036 0.12042812406898662 0.10514324188232518
3 0.38512609326113695 0.47741725689656356 0.11243584160399785 0.13466710064862308
3 0.32205885897690256 0.5388672256469755 0.16527405128112632 0.19647735389503396
3 0.4629214534763847 0.5194332073830308 0.07195208271265763 0.06995003571381489
3 0.22176560649570326 0.5769927426931041 0.07812930810555185 0.0684966298696164
3 0.4393897541383384 0.5714087646072012 0.10963617328319834 0.1080773271096728
3 0.19301986828252754 0.6234040925309483 0.08837760339082217 0.08741027110331831
3 0.29623475951502193 0.6400615328711459 0.12293669396136267 0.12548301542127546
3 0.13447746815869305 0.6716409951287361 0.1205736732831983 0.10826824188232517
3 0.43647876985410405 0.6339087646072012 0.1175214478903042 0.10977619480442442
3 0.9343340729972572 0.6551090235323598 0.0783519400324213 0.14031708279171565
3 0.41804763937497674 0.7610343262955986 0.16127575599585597 0.17767280681713338
3 0.808694064105917 0.7170305507247581 0.159747489246633 0.14486030681713338
3 0.36195384305624917 0.8742104362797125 0.15614730024766904 0.10108303327818291
3 0.12017216222249967 0.8347449671255589 0.24034432444499934 0.28065353084255096
3 0.5715794776692057 0.368862237414803 0.029289393713693813 0.025490923701106106
