3 0.7583086822448715 0.7622729018826119 0.1684210306460784 0.15477704721387225
3 0.31561716346179114 0.8257629233528224 0.17332870653952134 0.19870905773721576
3 0.5181850424347145 0.6206413258001315 0.07805601581733086 0.07936825256024882
3 0.4753701427387256 0.5374879205808121 0.055353344866803766 0.05778167889684287
3 0.5290508996588078 0.5077240968468191 0.05015650889724856 0.045008663111827475
3 0.4610649036131404 0.48496986533325764 0.03721083992388792 0.03334312101845249
3 0.5026767420541536 0.4631172521367257 0.029143671939110227 0.026638094710093263
3 0.48703449600848625 0.4434116968891713 0.025891337946721472 0.023331084186749607
3 0.4674223329666246 0.42504112848743725 0.021076503954332713 0.019933068401734033
3 0.3897072153624078 0.5834003890813682 0.11178902866891213 0.14212585779368575
3 0.4043055676435854 0.49419367591307106 0.062240014828747546 0.07377069994353036
3 0.4048904994685273 0.42218216802056324 0.027963173916276673 0.035922089448421346
