3 0.22765128222371728 0.6502569188298422 0.21622694482076027 0.25354556006354423
3 0.20663834011649046 0.4727086172877145 0.08616322930778511 0.09516822402541755
3 0.13107509610938423 0.41597164772652373 0.03962906603337357 0.0412795649348082
3 0.09090379748886523 0.4090261724832901 0.01660764586155703 0.019022735389503432
3 0.7363833938253921 0.4085850308392557 0.21944712008095948 0.1958421542193456
3 0.3594557236535756 0.38015074472169896 0.06906426051544959 0.06677048863591431
3 0.16878645804974335 0.39087223620028233 0.018415807326946254 0.02373750892845372
3 0.18342549016191895 0.38722508482031054 0.02162269448207601 0.02535455600635439
3 0.46781925881796893 0.6755235202892441 0.13977290818602892 0.1351307508107789
3 0.3558814235627185 0.5502450564100962 0.08189180913596861 0.07323867694751698
3 0.5336988070998037 0.4581235604672861 0.07169793758467105 0.057450035713814886
3 0.5394641282215599 0.4191974281620377 0.05846095318850324 0.04316934740221221
3 0.21792332089461358 0.390168852677218 0.01471759724103805 0.012745461850553053
3 0.24053862731704873 0.38978306899199794 0.019732645861556986 0.0190772824674041
