3 0.2299876997141491 0.7587511866481763 0.2843651094333124 0.23954543131591724
3 0.16219502058805607 0.6035484761813024 0.23138395317271013 0.19591725768074628
3 0.153742625127227 0.4954629603962868 0.24631947241000382 0.221736305035793
3 0.11635669781523254 0.38491259727034205 0.21165180653075474 0.16670019454068408
3 0.09719498084752431 0.3050507920227876 0.1776389050794759 0.13041408404557525
3 0.11829616533109492 0.26183911831702944 0.15609128729346106 0.13851501038216937
3 0.760302682290954 0.8075707203549332 0.3316567716843643 0.20955409442774453
3 0.7301588253047123 0.7481201256448398 0.29988098202865066 0.2373304839326357
3 0.6452803390997104 0.6394816020379037 0.278660746456621 0.2548064102692299
3 0.8747073672378607 0.5599284228587121 0.25058526552427873 0.2622548892225424
3 0.7069172104291043 0.3951393388131369 0.24086808057737183 0.19958828925077743
3 0.5338492765785059 0.5519067363517103 0.24248514427970277 0.20124179451244933
3 0.4813393462712865 0.47711956797821103 0.22949407095872498 0.18645125241907437
3 0.43213546523842766 0.3853724127588915 0.2008234339354164 0.1691881577089811
3 0.3813616497219983 0.3379744970162283 0.19010418874473983 0.17480112087727823
3 0.603695462791357 0.2300765099586463 0.15792660580511536 0.1464185156438412
3 0.31198911242853733 0.2045102786568465 0.12923612141421187 0.08393392619541977
