3 0.27286796153585235 0.4234986506331383 0.1780043037225118 0.1595521594086268
3 0.4363788044788164 0.38693432798845384 0.06541718639013112 0.06583560015828453
3 0.7068166266386601 0.4969387799543755 0.08914961733238069 0.09303459765100222
3 0.1411530578330111 0.5802761848771629 0.14725704827463013 0.1212338054894186
3 0.3226055176041526 0.48809835972519605 0.07624542574646939 0.0645913489046432
3 0.6741622997872394 0.5762936593421198 0.07188570767745457 0.0691424565847754
3 0.4867447912372646 0.4047726973470683 0.023186127723940863 0.0193864974927175
3 0.4985892273752942 0.3957614102000497 0.019951867080279052 0.017733069279472158
3 0.48063690286966204 0.3843238050272002 0.018280106436617417 0.01612510517284953
3 0.6265721157428967 0.41975650283648686 0.016608345792955604 0.014517141066226813
3 0.49060176475416106 0.437630661453691 0.038450494804219915 0.03698317445232178
3 0.5944262512605076 0.38373643481065595 0.015264367080279229 0.017596676959604096
