3 0.41602318996694515 0.8862641896363266 0.17202308320625015 0.15341211037760658
3 0.15372321171843822 0.8749668790489386 0.1451332748856251 0.13733682448483506
3 0.28822353865642425 0.7900143064382031 0.13365026101791672 0.11307053029369403
3 0.7205463825962507 0.8687862274031979 0.1808162017473613 0.12912250539858477
3 0.8770671798989589 0.7917412431747447 0.19905836189159737 0.1757373962703781
3 0.9580917890376739 0.8235491954591186 0.08381642192465222 0.1200775468904336
3 0.7106414396826046 0.7112813807225458 0.1581787887533334 0.1617215178461393
3 0.6317170058870144 0.7045209726293129 0.09585932028847229 0.09772895020978148
3 0.493800085009202 0.7432021964848039 0.1528730397032639 0.13480382033565022
3 0.5682350809251394 0.657597505822792 0.11624455547083343 0.10239313942190069
3 0.3869311827487506 0.6750540024987997 0.12260365824437507 0.10755423610255299
3 0.22719381325770893 0.7144213879720083 0.1147547906531945 0.10539974025173766
3 0.16034984574277827 0.6235703224102427 0.132233231382639 0.119202131123531
3 0.49752188421177135 0.6015474927505374 0.12892639342673623 0.11115283278320494
3 0.9266242367009726 0.4414345124707766 0.09422408510611113 0.09448555103961845
3 0.8687383483082295 0.40039419275982624 0.08281380642076393 0.07334425684847723
3 0.821499019186042 0.347682667240017 0.06864220364722229 0.06759116431700996
3 0.7974796377271529 0.32090667968757164 0.06529899810013902 0.05797936597668398
3 0.7927369331300003 0.28467318176216405 0.05886716014423623 0.04969326929603195
3 0.7818896988975697 0.25421608715610444 0.05890352773541672 0.05125576929603186
3 0.8213691197753821 0.20807571558034307 0.05574216014423605 0.04945647095570589
3 0.8467139586812154 0.19127930188803294 0.05563305737069442 0.0447689709557058
3 0.9442461881639932 0.36088325209781436 0.06395470364722229 0.06723596680652096
3 0.9660127386008337 0.3913878908950152 0.04237064437666689 0.07807837842423862
3 0.9160841673624308 0.3236550166199615 0.062173998100139016 0.05774256763635792
3 0.9029841021079517 0.2969265732586573 0.06366376291777769 0.05473596680652095
3 0.8967880002843405 0.26526217616308667 0.05723192496187508 0.04644987012586892
3 0.8961515674386806 0.23791842616308667 0.057195557370694414 0.04488737012586892
3 0.8963327521842015 0.2121963757481682 0.05414329255305574 0.047775571785542856
3 0.4519171370615629 0.5185448159859727 0.08604790919430556 0.0782685551888033
3 0.2950138268410768 0.5456489997995073 0.09386040919430556 0.07886055103961845
3 0.13723834764263937 0.5687877340279603 0.08572060087368061 0.06420605518880329
3 0.040780921730833794 0.5458811850629344 0.05806837955902785 0.08238737012586875
3 0.15258993749840322 0.5247184253146722 0.0859024388295834 0.07201855518880329
3 0.147429005602674 0.47051617738926466 0.0828501740119445 0.07490675684847722
3 0.06835910144236149 0.45750576929603193 0.07173083605604173 0.06626546265733602
3 0.04557491166284757 0.4167856809137495 0.07325696846486116 0.06482136182749905
3 0.0704106042921531 0.3781142672214394 0.06522626291777782 0.05485436597668407
3 0.14986171494947947 0.3739963748997537 0.07311149810013892 0.058571361827499134
3 0.1017508700597225 0.3508539502097815 0.057268292553055565 0.04801237012586892
3 0.19430269918191007 0.4069990516643184 0.07634560087368061 0.06349566016782511
3 0.24877134042444476 0.3682334722051057 0.06827852773541672 0.051966164317009955
3 0.32091909735829893 0.3853985840326048 0.06842399810013892 0.058216164317010044
3 0.41363458064079894 0.44857493548714167 0.07481946846486114 0.06493976099766208
3 0.2951937051658337 0.4528578485547518 0.06995013050895835 0.05677206348717299
3 0.2852744977188893 0.4957790543636107 0.08426720364722229 0.06877515601864026
3 0.4258429867009726 0.40348757843352734 0.0700592332825 0.061459563487172984
3 0.4226082307170489 0.36502872967828287 0.06046602773541672 0.05137416846619489
3 0.4588353650257294 0.3131828097621955 0.060538762917777864 0.05449916846619498
3 0.5025483442241668 0.28140093611184164 0.05566942496187508 0.04633147095570589
3 0.4414290062682641 0.26897086847548374 0.05403418977951393 0.04308807178554286
3 0.35362053495361134 0.28259381536127287 0.05403418977951393 0.04308807178554286
3 0.301259254368403 0.31138074357573 0.060538762917777864 0.05449916846619498
3 0.2141956654625697 0.32350039004660064 0.06057513050895835 0.05606166846619498
3 0.20798137984336829 0.29105474295103007 0.06021145459715278 0.04043666846619489
3 0.2703177256830558 0.288759459757551 0.0636273953265973 0.05317346680652095
3 0.5284198599917362 0.253726222004613 0.05407055737069442 0.04465057178554286
3 0.13316387100965305 0.32671863319812344 0.0636273953265973 0.05317346680652095
