3 0.48059134716684965 0.6016809952324383 0.34279968074935513 0.4667295575960416
3 0.7069814713178281 0.48186350596754346 0.14711243676633484 0.15800846302712265
3 0.835559449418603 0.5887897982020928 0.08481269586563336 0.15749325256024882
3 0.08090493561277153 0.6399508948371502 0.16180987122554305 0.18417612087727822
3 0.23708807834994347 0.42984160551578565 0.12716088217054294 0.13816639988706053
3 0.5999058582687331 0.2701664137471118 0.08196949568106326 0.08883425782192056
3 0.31571823026024326 0.13805665294141947 0.03773983189368781 0.03021812101845254
3 0.6136340985511255 0.08023165848544 0.03138970234403846 0.028291599971765134
3 0.5825459824197116 0.16454574530302551 0.0865964389258032 0.1124537683452643
3 0.37437253701550344 0.15799045036705328 0.01959060919158375 0.03850105787839033
