3 0.7768447879935277 0.6959467362068729 0.3256085888732949 0.2257944813290184
3 0.5819251136378398 0.6173928624230411 0.18754866689245625 0.15313645697928918
3 0.6757060911366025 0.5704848603944463 0.08682497060135788 0.07800799756436802
3 0.5518967769122514 0.5648406067409983 0.12242827792830405 0.10204551542127546
3 0.51726614936806 0.5256377849063314 0.0787668091359686 0.0731841298696164
3 0.6099449722988386 0.5146536461082614 0.10623006784239593 0.09083528003177221
3 0.0875619971171244 0.4449658522734762 0.1751239942342488 0.1560978157455871
3 0.18388043928215173 0.5423845487027538 0.280548394391219 0.20003082223840885
3 0.3431326085494571 0.5419463977298191 0.13730964947960161 0.1179159772718286
3 0.373263843850136 0.503174224028713 0.10639384215265527 0.09396028003177222
3 0.4431569419956851 0.4652690750843732 0.04275406603337366 0.04133411201270878
3 0.39220859565915833 0.45445035186973437 0.04579717887824382 0.039826159090609534
