3 0.18974237965593704 0.5520106365893028 0.29935060904180577 0.25601978516439344
3 0.5754259597280551 0.5495395703287868 0.18365156743868064 0.17972952283992144
3 0.5861667040284719 0.39053306252687053 0.1402275693385418 0.12439356965141819
3 0.9007188600886454 0.4531680178630805 0.12631053970326392 0.1299065852552504
3 0.7640741516917705 0.37560850463409745 0.11188436379145834 0.11354460085908258
3 0.8740674007418399 0.35477810549318006 0.08924564437666689 0.07958568068726608
3 0.7499408761405554 0.27709243950523504 0.0700592332825 0.0598530348257091
3 0.8770664205934722 0.2931412426483098 0.07169446846486097 0.06305992198083885
3 0.7948546390583331 0.22938527984886808 0.062173998100139016 0.056318599050060314
3 0.8935460589862151 0.2572413641996073 0.05261716014423605 0.048014776119281774
3 0.9585352793509372 0.25438968113749205 0.04774782218833309 0.03995661465389251
3 0.8491609325613194 0.21502288670084452 0.03986258700597247 0.03642217887824382
