3 0.5795653330188189 0.697351270588056 0.2855076210096531 0.3268998390148923
3 0.42433493199263844 0.5809028366526396 0.059158100873680654 0.059831356986241604
3 0.36001851206475644 0.555982193005909 0.062101262917777865 0.05212798439090349
3 0.25869305461781206 0.5086582705032381 0.04622168977951393 0.04064484736759475
3 0.29521243607670095 0.4849132356568477 0.046112587005972296 0.03595734736759475
3 0.21034712680614548 0.4694395138798161 0.03808188145888884 0.026309528855940557
3 0.16903114257371485 0.4977083576192139 0.05457970364722229 0.06435516587924912
3 0.12953288468993013 0.481473233209777 0.03844555737069451 0.04193452885594055
3 0.12390113373999963 0.4546924784004537 0.06257404160312507 0.07244048439090349
3 0.573738132790069 0.4438170428205746 0.08139677678548622 0.07622024881887376
3 0.8802413995075689 0.5108160921797532 0.07794446846486096 0.06204862141421188
3 0.7368544222089927 0.5237922634164799 0.06046602773541672 0.048948420688572546
