3 0.146875 0.734375 0.1421875 0.09375
3 0.1890625 0.5921875 0.0765625 0.04375
3 0.321875 0.5578125 0.0546875 0.04375
3 0.3953125 0.5890625 0.05625 0.046875
3 0.4328125 0.5109375 0.034375 0.0234375
3 0.328125 0.4953125 0.0328125 0.0234375
3 0.4078125 0.4765625 0.0234375 0.015625
3 0.625 0.5140625 0.034375 0.028125
3 0.65625 0.5 0.034375 0.025
3 0.5421875 0.4734375 0.021875 0.0171875
3 0.5984375 0.459375 0.0203125 0.0140625
3 0.58125 0.44375 0.0140625 0.0125
3 0.4578125 0.4609375 0.015625 0.0125
3 0.4328125 0.4515625 0.015625 0.0125
3 0.409375 0.4515625 0.015625 0.0109375
