3 0.7421277655063687 0.5186689565722473 0.1284589478903042 0.11356169396136266
3 0.8729690047530017 0.6666420378371629 0.18874578453190338 0.16937935442427943
3 0.8829795897419711 0.835901460086904 0.23404082051605785 0.24714478949430188
3 0.6648333271265773 0.7169737158778722 0.19488877667402046 0.20084767824559702
3 0.673129632336645 0.8950987158778723 0.2290026033908223 0.0964170434232436
3 0.5989556542576637 0.4574317419327201 0.10734592721213972 0.09542812406898663
3 0.7140861945805353 0.40198872476921244 0.0827440334984459 0.06933650496239867
3 0.5949894381703945 0.37227549193272014 0.0780565334984459 0.06911818114108118
3 0.664263822992748 0.3365242365560367 0.06497433664159917 0.056035984284234265
3 0.5858819578151017 0.29389578080784967 0.05062073821317572 0.04913101282028158
3 0.6460018205115488 0.2959163531814252 0.056579639784752264 0.043172111248705035
3 0.5786302299410082 0.25535981968297916 0.04393409057054072 0.03946491439185813
3 0.6423117402800903 0.2669009412707664 0.04705909057054054 0.03961046360606986
3 0.5812993116202085 0.22897925620074383 0.03888271753501123 0.03143409057054054
3 0.36866895657224735 0.7351414032242065 0.23980747849326606 0.2949273180303493
3 0.1863401459854961 0.6198502353176917 0.22334341645877273 0.2427098465663967
3 0.060685174521543386 0.599965766749223 0.07464905128112631 0.1968065334984459
3 0.4334484323794262 0.5861452851510759 0.1682535020669146 0.19804800992479735
3 0.27930027977439237 0.49009642286891353 0.14717471463952717 0.14717471463952717
3 0.10742527977439235 0.4820912160872693 0.17253858767505642 0.15615160835322078
3 0.19084990177646435 0.3986665940851973 0.13990587014004516 0.1250086162111037
3 0.13247016749223006 0.3335830955329393 0.11828342721213972 0.09593754631872757
3 0.32629725020488776 0.41121159759985393 0.12776974317557438 0.1322389193542568
3 0.4606187462759464 0.4330588265074047 0.10458480024766903 0.1030950748547749
3 0.4439257059530748 0.4930866439185815 0.12689644789030421 0.11348891935425698
3 0.25147487861710055 0.3445827156729845 0.11312504631872758 0.11908394789030421
3 0.30790466108208925 0.31758787613590117 0.07180653349844608 0.06882708271265772
3 0.3754218008668416 0.3612694096343472 0.08866870181924558 0.09611732878371626
3 0.46677454693790016 0.3811153368464869 0.08943068114108108 0.07900260339082213
3 0.4850129706353831 0.33753015673886305 0.07409677956950453 0.08452485731976359
3 0.42098254983338423 0.26828569706173466 0.11065501778268043 0.1330008986760925
3 0.2913849410658786 0.2474380419755014 0.06482878742738744 0.05291098428423435
3 0.3315947181541838 0.2906272698495949 0.06675516046291677 0.060796258891340126
3 0.32828347353086734 0.2195335198495949 0.05196491439185813 0.044516287427387446
3 0.3591867171207265 0.19680664929526498 0.048767139784752264 0.04280823821317572
