3 0.37621274544419986 0.7168652159191572 0.2447187787274337 0.24606917334809958
3 0.4218485530402415 0.4010504488002941 0.15046897881213822 0.15129928901808826
3 0.25704260039528815 0.39760168106312216 0.13338789462538872 0.12529799352159499
3 0.2826634976515128 0.27843137646733035 0.10822129465362362 0.09410855027685514
3 0.4299025186982002 0.26276919880029415 0.09544827886860788 0.08862001387966068
3 0.5406495738751673 0.16538545419896497 0.06742969468185844 0.06191781153562217
3 0.442841405431081 0.14752493060169689 0.06972023677523324 0.07451794108527147
3 0.3797344606786355 0.13522399213731903 0.0587071420651399 0.045792163787375585
3 0.37870258169708804 0.09948675123661768 0.046025131541796147 0.04186612739018099
3 0.5187059554169636 0.12787496221852945 0.05263915258848364 0.04851664558877826
3 0.9252674975809256 0.16330970543558265 0.09194384727034191 0.10863212523071267
3 0.832776160692753 0.12098010796419126 0.0695382262518894 0.07139294108527147
3 0.03238902381869766 0.3278653817091176 0.06477804763739532 0.10051923658176473
3 0.06776653974488754 0.27974925431893666 0.08479920520520212 0.06614423658176474
3 0.11075767654835562 0.23652088602805427 0.0724812157285458 0.06846820018457009
3 0.7948758003388183 0.30398237508305437 0.06051183674699843 0.10350453423772628
