3 0.1453493915743834 0.674667672502671 0.19538925046142533 0.17831351687504107
3 0.6451479349114083 0.7498041479927178 0.14591088217054296 0.13605160580511538
3 0.44406869138981325 0.6165030307548571 0.13719721622369913 0.12171628729346118
3 0.33078983651716626 0.49094498084752425 0.13613536397194573 0.12947422359113006
3 0.8874739396917704 0.8455705488958426 0.1560869185677376 0.14887898801910068
3 0.8224440152639365 0.6336136967189242 0.1258591980251019 0.1150843413771451
3 0.6421872139073472 0.5454713120578683 0.11804669802510173 0.1148115228654909
3 0.5398947262458484 0.4818775488110244 0.09094397748246603 0.08112600362819702
3 0.3859093306570701 0.42661215153609683 0.09759449568106326 0.08759425843752063
3 0.7798479002122567 0.5284524815653145 0.09683303207825808 0.10003969473518967
3 0.7463461829088235 0.4314038667745246 0.05652940468807692 0.05498016587924894
3 0.8853598156976753 0.37467769553779784 0.04282785009228505 0.03579365626060227
3 0.653087536240311 0.3993056401881695 0.06776729333702498 0.060049611795565117
3 0.5478190453396097 0.39874759028083673 0.07794332973421944 0.07287699400955025
3 0.4591780474990781 0.35355908665263963 0.06317992288667433 0.06144842068857255
3 0.5660695951550396 0.33078876396463414 0.04987888648947951 0.048511911069925695
3 0.5209480598375792 0.29569451215053555 0.04459060919158375 0.038973219962933126
3 0.07566583821520925 0.2684523888374071 0.05682979333702489 0.05966766587924912
3 0.08039410857327486 0.23276042549789597 0.052803627390180984 0.04549603847458741
3 0.15321104487818438 0.21347720135861162 0.05124112739018098 0.04544147477225646
3 0.2857930074012557 0.22668158420556894 0.046453497840531634 0.04371528366526398
3 0.2318273982096719 0.18738098202865067 0.039602720542635694 0.03412202885594055
3 0.3313360448781844 0.21969746342432916 0.03617733189368781 0.02932540145127884
3 0.2731533050572172 0.1997371382892529 0.0431282387412331 0.040481156260602266
3 0.30890103793835405 0.17370291714519345 0.03637759099298643 0.032450401451278844
3 0.3663723789313405 0.20688992857793886 0.03637759099298643 0.032450401451278844
3 0.6949467643410859 0.28618064681159144 0.02982720234403846 0.02754464664195542
3 0.6473510710963462 0.2611335175928312 0.03158996144333699 0.030724210344286275
3 0.6063057665005542 0.24099214318339435 0.033052331893687815 0.02921627404661713
3 0.5588299892026584 0.22998023211346869 0.02972707279438911 0.025982146641955417
3 0.6535998735326697 0.32215286314632746 0.08453329117755662 0.10272818511654283
3 0.5770094902823925 0.20956852839260437 0.02483931369509058 0.022693455534962846
3 0.6075480914544118 0.22388648873689063 0.026401813695090582 0.022748019237293703
3 0.6489543414544118 0.22533242684865834 0.023076554595791877 0.01951389183263199
3 0.3853634083887047 0.1748140385594054 0.024639054595791875 0.019568455534962847
3 0.38159686073274324 0.2011855656012474 0.02952681369509049 0.022857146641955418
3 0.3381379549649321 0.16770837748947973 0.024639054595791875 0.019568455534962847
3 0.40560605721668547 0.16226939854087194 0.02287629549649317 0.01638889183263199
3 0.4459504549649321 0.17147327295030879 0.02131379549649317 0.016334328130301133
