3 0.7564435203403173 0.9265938931335029 0.23685269566510653 0.14681221373299422
3 0.8927153068807137 0.7152606649662043 0.13883168973360754 0.117201452503779
3 0.8089531191242726 0.6106193966209401 0.10343801779449713 0.09019933674699843
3 0.6233220252460521 0.5499262783744978 0.09393568380210837 0.08652830517696727
3 0.47906398376273973 0.7394907653614925 0.1600991946765232 0.14182202090551305
3 0.23727041459909856 0.7924359419098481 0.19855419961943915 0.16744364718563745
3 0.23349020410524446 0.5848964576948636 0.1314011917107738 0.12612142619541977
3 0.46429187653864634 0.6256179811606255 0.1329636917107738 0.12621243145709152
3 0.11688102425746882 0.5157530735928187 0.09517984882113639 0.07880681043863902
3 0.19338251585451185 0.4804595866764112 0.07722834486680367 0.05905575256024882
3 0.28599843878220527 0.5154708944842143 0.09881418479069151 0.09148882096198285
3 0.39342627821180154 0.5505655022779001 0.09361734882113648 0.07871580517696727
3 0.510260951139495 0.5869873916416168 0.10649935079830275 0.08881884727034209
3 0.49853027228030244 0.5286288600715858 0.07754667984777566 0.06686825256024882
3 0.4045746838392894 0.49899529700211076 0.07773768083635879 0.07155575256024882
3 0.5208071788963735 0.4823831916274995 0.07097834486680377 0.05869173151356133
3 0.5964465074515548 0.46418619944942013 0.05822367688202625 0.051713689420186525
3 0.2896235044858053 0.4322866681617377 0.061412343878220456 0.05345819994353036
3 0.3619441734591661 0.4474104101986427 0.05828734387822045 0.053276189420186526
3 0.41189775250863897 0.43005558120297777 0.04827567391627667 0.037105157850155376
3 0.46167491802195854 0.42749899957647697 0.040399506920082116 0.035087631541796324
