3 0.5734375 0.81875 0.0859375 0.1125
3 0.4609375 0.8359375 0.0859375 0.128125
3 0.6109375 0.9234375 0.096875 0.0765625
3 0.671875 0.7328125 0.0953125 0.1296875
3 0.359375 0.753125 0.078125 0.1109375
3 0.5484375 0.66875 0.084375 0.1046875
3 0.6859375 0.6609375 0.09375 0.10625
3 0.7953125 0.615625 0.10625 0.13125
3 0.6390625 0.5578125 0.071875 0.09375
3 0.43125 0.6296875 0.0765625 0.09375
3 0.3078125 0.56875 0.075 0.1015625
3 0.4015625 0.5453125 0.075 0.084375
3 0.29375 0.478125 0.0609375 0.084375
3 0.196875 0.421875 0.0703125 0.0828125
3 0.371875 0.3609375 0.0640625 0.0734375
3 0.39375 0.440625 0.0703125 0.090625
3 0.471875 0.371875 0.0703125 0.0765625
3 0.5140625 0.5265625 0.0796875 0.109375
3 0.590625 0.48125 0.06875 0.0796875
3 0.5078125 0.440625 0.06875 0.08125
3 0.628125 0.4109375 0.0609375 0.084375
3 0.5515625 0.35625 0.0703125 0.0796875
3 0.653125 0.3359375 0.071875 0.0765625
3 0.7625 0.396875 0.0703125 0.0734375
3 0.7140625 0.3125 0.0671875 0.0625
3 0.621875 0.2625 0.0578125 0.0703125
3 0.553125 0.2953125 0.06875 0.065625
3 0.446875 0.2921875 0.065625 0.0765625
3 0.3578125 0.2515625 0.05625 0.071875
3 0.4453125 0.21875 0.0546875 0.0625
3 0.534375 0.2375 0.05625 0.0609375
3 0.6078125 0.2109375 0.0609375 0.0609375
3 0.6875 0.1796875 0.0640625 0.0671875
3 0.5921875 0.14375 0.0640625 0.065625
3 0.584375 0.0890625 0.0515625 0.0484375
3 0.5125 0.175 0.053125 0.0546875
3 0.503125 0.115625 0.0515625 0.059375
3 0.496875 0.0609375 0.05 0.0453125
3 0.425 0.0609375 0.0515625 0.0453125
3 0.35 0.0875 0.05 0.0625
3 0.278125 0.13125 0.046875 0.0546875
3 0.253125 0.184375 0.05 0.0578125
3 0.3546875 0.1578125 0.05 0.0578125
3 0.428125 0.1546875 0.0515625 0.071875
3 0.43125 0.10625 0.05 0.0703125
3 0.5125 0.75625 0.0328125 0.084375
