3 0.10020318772751344 0.7273753001270569 0.20040637545502687 0.19895125241907435
3 0.051844774301803134 0.6198504974397512 0.10368954860360627 0.1329174577654509
3 0.2557929979831876 0.5702090002823488 0.1874121547112475 0.14318709983059072
3 0.3878299658001009 0.6403255372552259 0.21405106436617355 0.16808068401734033
3 0.5247565294099698 0.6961520610739236 0.22047602698730664 0.12643921558737148
3 0.7177031360986886 0.5962144323041376 0.21572282500983525 0.16973418927901224
3 0.8658621306508071 0.6249324245528042 0.18086722376899794 0.11635158404557515
3 0.8806615940282448 0.4466709166602964 0.17989458565349709 0.16920356826055957
3 0.6472095916824563 0.3692339743269253 0.19130197921687966 0.15430661035393456
3 0.6217839847416358 0.5325530216819719 0.20812884629715872 0.17240416297065303
3 0.45344353016627437 0.4808903530967113 0.17716306956195355 0.13014106826055957
3 0.46734712906132314 0.33769408994253164 0.1411491599070276 0.104701452503779
3 0.37856313450920476 0.30551789775033483 0.14147694183801285 0.109388952503779
3 0.2907953367387778 0.2810632002964661 0.1262125747577337 0.09138240514873237
3 0.31293849848739075 0.4206038424321932 0.15117972376899802 0.11462248407381015
3 0.18694444501698051 0.5088612475809257 0.1577246547112475 0.14145799985882554
3 0.11977872435007567 0.49020922909448694 0.1436950056999832 0.11885495776545092
3 0.0778224022778455 0.4344366422063143 0.155644804555691 0.13539001038216938
3 0.04637298340425353 0.418234789533126 0.09274596680850707 0.10655237884037305
3 0.26534223264794893 0.3891410108056924 0.13678944183801275 0.10911593671876343
3 0.2112392406937206 0.372840447595043 0.1280700056999832 0.11794490514873238
3 0.15443186581977136 0.33957989753857326 0.12519637797604238 0.09910389988706055
3 0.07956290579652825 0.3198204053604939 0.11661905347041021 0.08771137357870132
3 0.25288007349722597 0.26693208183826234 0.11171303218308673 0.08431335779368573
3 0.044963302714105584 0.30044805005646974 0.08992660542821117 0.057386836746998335
3 0.826224374369746 0.13472392448221707 0.1026986651028075 0.06667083148532651
3 0.9122329301859449 0.1398293824594294 0.07544775025210164 0.0775327367752332
