3 0.4953125 0.8875 0.1359375 0.175
3 0.4203125 0.6296875 0.0703125 0.0734375
3 0.60625 0.603125 0.0625 0.05625
3 0.521875 0.525 0.0375 0.0296875
3 0.4640625 0.5046875 0.0375 0.0375
3 0.5234375 0.471875 0.028125 0.0234375
3 0.578125 0.4859375 0.03125 0.0296875
3 0.48125 0.4625 0.0265625 0.0265625
3 0.565625 0.4421875 0.021875 0.01875
3 0.4953125 0.4171875 0.01875 0.021875
3 0.53125 0.4109375 0.0171875 0.01875
3 0.5546875 0.390625 0.0140625 0.0125
3 0.53125 0.3796875 0.0109375 0.0109375
3 0.503125 0.390625 0.0140625 0.01875
