3 0.523634883495516 0.640567996189371 0.15441583098930564 0.22276585518980258
3 0.5450412091220685 0.8555435563960255 0.14753859621281204 0.11491699375348433
3 0.11701217877325165 0.7022670028286704 0.13708288524403184 0.1976658612399266
3 0.15309162110067998 0.40949824072842195 0.12290221057599679 0.17727154800821018
3 0.8817382749860638 0.5926496884186034 0.1463215298578376 0.17428290339440444
3 0.7230212842576418 0.747200312151562 0.1449135659621909 0.20083631303532493
3 0.6679257598607532 0.5484355592246958 0.12584540339440445 0.14603972872636942
3 0.49326664832623895 0.4888236890077787 0.11796927088084708 0.13505677693097126
3 0.49010580777076757 0.3606759631100796 0.10232609016268804 0.13184087334017516
3 0.6251029764868743 0.3888060291704665 0.11483518052176755 0.13347609621281203
3 0.8273058259211401 0.41420198067127706 0.13210449375348396 0.14763859016268804
3 0.7641160003927834 0.2638292759490127 0.10542381908544893 0.12717155405833439
3 0.6249307805452086 0.2841139839909267 0.10528746369925486 0.10373405405833439
3 0.4863364340378089 0.2028361920328407 0.09904655405833437 0.10526019262201594
3 0.6036784701421625 0.17695546896381206 0.09904655405833437 0.10526019262201594
3 0.7367045935805334 0.14100939948557956 0.10371587334017515 0.10216246369925477
3 0.8672642471713295 0.12614344446872766 0.10677724082661796 0.09124314441741399
3 0.9003125756265525 0.22008888718893943 0.13355790944452864 0.12889768052176756
3 0.6040420845053471 0.11445546896381206 0.10501475292686635 0.05685905405833438
