3 0.5764657669247226 0.5143031576113646 0.04470049480421991 0.037410719962933034
3 0.7008430540514878 0.5499728175001639 0.06308986188449897 0.05519842068857237
3 0.45635536271767824 0.4960119706807233 0.046481516091543364 0.04059028366526398
3 0.5663423679134583 0.5358780572485449 0.05138753737886681 0.04387897477225664
3 0.348215080786693 0.4969345752198942 0.08133711733238061 0.09324405771188111
3 0.4257173679134583 0.530967324038768 0.06541718639013112 0.0661904843909035
3 0.648330059247268 0.5841642790255765 0.05393338317182241 0.05799603847458741
3 0.5796182640747309 0.5700174442718534 0.0611995799535137 0.0504563569862416
3 0.6982700750867098 0.6203671630536602 0.11546074505632156 0.113139895460829
3 0.5747450937761432 0.5949083168671917 0.05640281930985207 0.04873016587924894
3 0.8416323089951664 0.6645313692215952 0.185816803722512 0.16079863466105593
3 0.5585520112247394 0.6248859935462141 0.08525979282674853 0.08247024881887377
3 0.7320170083747478 0.6865477237607662 0.1473334579295562 0.14542660580511538
3 0.8798810719846166 0.7559301847380245 0.10434828243518837 0.15483632213985138
3 0.6120105109726379 0.7003696323836212 0.1161491599070276 0.10069445916315996
3 0.3204785748346083 0.6807912200477512 0.13505197921687967 0.1481150961864685
3 0.6080717739620881 0.7902952279371174 0.12828852698730664 0.11826390507947586
3 0.797325662077589 0.8501588451749781 0.2465571977900975 0.2938492368379741
3 0.06739604156624077 0.6960243173305279 0.13479208313248153 0.24204863466105592
3 0.6425563985839358 0.9019246979000506 0.17203852698730665 0.11979168874473985
3 0.6595185675451413 0.49135922013256916 0.04579310124083733 0.053035719962933214
3 0.6191120888324647 0.4868155638719669 0.04390281930985189 0.048293656260602266
3 0.4447348017056994 0.4493998655085802 0.04045003737886681 0.043497028855940555
3 0.7574101283050185 0.6146008018910674 0.04201253737886681 0.043551592558271325
