3 0.5546875 0.79375 0.1921875 0.1515625
3 0.83125 0.6796875 0.175 0.13125
3 0.7453125 0.5484375 0.1203125 0.1015625
3 0.5828125 0.5890625 0.134375 0.1125
3 0.5046875 0.51875 0.1390625 0.09375
3 0.7125 0.50625 0.121875 0.09375
3 0.6640625 0.4546875 0.125 0.0765625
3 0.6109375 0.3859375 0.10625 0.0703125
3 0.459375 0.3734375 0.084375 0.0796875
3 0.5703125 0.3484375 0.0875 0.071875
3 0.428125 0.3484375 0.0671875 0.0578125
3 0.4296875 0.2921875 0.06875 0.0609375
3 0.3015625 0.49375 0.121875 0.096875
3 0.1578125 0.421875 0.109375 0.0859375
3 0.3140625 0.3796875 0.0921875 0.0734375
3 0.1734375 0.34375 0.0890625 0.065625
3 0.3015625 0.2890625 0.071875 0.0625
3 0.3875 0.2671875 0.0625 0.0484375
3 0.4734375 0.2640625 0.0609375 0.046875
3 0.184375 0.3 0.0640625 0.046875
3 0.2859375 0.2578125 0.0546875 0.0421875
3 0.284375 0.2234375 0.046875 0.034375
