3 0.24501726411925798 0.5174638775990461 0.15234741316955053 0.1456229211654872
3 0.38767011388183115 0.43706875042420723 0.0532446719450391 0.06171967261537965
3 0.6701787370013692 0.47484605063863317 0.0726766335443795 0.08657796265733601
3 0.16402699155371578 0.7077677236549982 0.1294267387172289 0.10802783278320494
3 0.3088584552646271 0.5682935944055669 0.06717077962517112 0.058097765146846926
3 0.6618099590255507 0.5622985064474919 0.061057171945039276 0.062311668466194806
3 0.4400365959351425 0.44181637262466855 0.02076714106622681 0.017164189212119395
3 0.44824390102884965 0.42918631806056523 0.017642141066226812 0.016927390871793336
3 0.4285762587089816 0.42301882843352734 0.016034176959604095 0.015246491701630305
3 0.5742380996960662 0.41924540084377016 0.014426212852981379 0.013565592531467274
3 0.4518606460142848 0.4731139168158098 0.03215928213245363 0.03361798340326061
3 0.5344709060434145 0.39206667158969455 0.012954641066226813 0.016572193361304156
