3 0.8453125 0.5484375 0.1390625 0.0859375
3 0.9515625 0.509375 0.06875 0.0515625
3 0.8921875 0.4703125 0.0796875 0.0375
3 0.6875 0.4671875 0.0640625 0.034375
3 0.6390625 0.4328125 0.04375 0.0265625
3 0.0953125 0.54375 0.190625 0.090625
3 0.35625 0.5234375 0.0984375 0.0671875
3 0.35 0.4578125 0.0546875 0.0359375
3 0.453125 0.490625 0.0578125 0.0421875
3 0.5359375 0.478125 0.059375 0.0390625
3 0.5578125 0.4375 0.046875 0.0265625
3 0.471875 0.434375 0.0453125 0.025
3 0.44375 0.4265625 0.03125 0.0234375
3 0.5140625 0.415625 0.0359375 0.021875
3 0.5578125 0.41875 0.03125 0.015625
3 0.5640625 0.4078125 0.0484375 0.0203125
3 0.63125 0.4046875 0.0484375 0.0234375
3 0.66875 0.3984375 0.0453125 0.0171875
3 0.76875 0.403125 0.040625 0.0234375
3 0.8375 0.39375 0.0390625 0.01875
3 0.8015625 0.3921875 0.0390625 0.0171875
3 0.9671875 0.3765625 0.05625 0.0171875
3 0.875 0.38125 0.0359375 0.015625
3 0.2375 0.409375 0.03125 0.021875
3 0.1203125 0.3859375 0.028125 0.01875
3 0.0875 0.3875 0.0265625 0.01875
3 0.0875 0.3734375 0.025 0.0171875
3 0.34375 0.3890625 0.15625 0.0375
