3 0.6900587955902784 0.734267923225454 0.1530548776591667 0.14173902179152656
3 0.6499234516504521 0.6909056893169974 0.11014002583555574 0.10753898441265974
3 0.27492018559854214 0.5488863421866593 0.08593880642076393 0.07308757475773361
3 0.3922349721676741 0.5461605439120293 0.07805357123840277 0.06941627153942509
3 0.5224484958190282 0.4924513998444436 0.06682513050895836 0.056151447033792934
3 0.4343302467689588 0.47200749588950064 0.057268292553055745 0.04768338317182241
3 0.36518020326597267 0.459627464210617 0.049455792553055565 0.047137079953513704
3 0.40631369633211845 0.445013307153581 0.04295121941479163 0.03576253737886681
3 0.44946428428802127 0.4498211394528833 0.046039851823611144 0.03441855866619026
3 0.4672693801277088 0.44153339205077347 0.03826371941479181 0.03543475544788173
3 0.472429005602674 0.4278697297979573 0.038227351823611144 0.03387225544788173
3 0.44931816071291697 0.40992275913105247 0.030342116641250173 0.03020095222957302
3 0.4886716014423615 0.4196912430395091 0.03517508700597229 0.0367787341605581
3 0.4622175510055212 0.3925877936599277 0.03840918977951393 0.04168475544788173
3 0.5310415926086463 0.45820208598247314 0.050872822188333444 0.04099634059717552
3 0.6002098199072227 0.4713633676613568 0.050945557370694415 0.04412134059717552
3 0.5927057912218754 0.45154254055783455 0.04142508700597229 0.037215776735205174
3 0.581550085674792 0.4429323650634667 0.03194098423243066 0.031872712873234656
3 0.5390170935585769 0.43103865244233364 0.04127961664125017 0.030965776735204998
3 0.5162874551658337 0.39584955145359785 0.03179551386770836 0.025622712873234654
3 0.5461204255305558 0.4000235992240249 0.03019664627652787 0.023950952229573018
3 0.5814221458952782 0.4038152347416359 0.028779616641249995 0.030091691585911205
3 0.04777776377079915 0.6406742764831035 0.06827983415618065 0.11865144703379293
