3 0.4078125 0.76875 0.1421875 0.115625
3 0.5078125 0.5484375 0.084375 0.071875
3 0.371875 0.59375 0.0890625 0.0734375
3 0.2125 0.6 0.078125 0.0734375
3 0.31875 0.51875 0.0640625 0.053125
3 0.371875 0.4859375 0.065625 0.040625
3 0.41875 0.4640625 0.06875 0.034375
3 0.9109375 0.5578125 0.1125 0.0703125
3 0.8546875 0.4734375 0.075 0.034375
3 0.2625 0.44375 0.0484375 0.0375
3 0.309375 0.434375 0.0546875 0.0328125
3 0.21875 0.4125 0.0609375 0.03125
3 0.128125 0.40625 0.05 0.028125
3 0.103125 0.453125 0.046875 0.03125
