3 0.11796875 0.5946916027437754 0.2359375 0.34499179451244916
3 0.34140625 0.374646600324701 0.13125 0.14045694198043535
3 0.69921875 0.5061501454018476 0.134375 0.142201452503779
3 0.8296875 0.4790199560522481 0.1265625 0.14799642619541978
3 0.94609375 0.5089588140576954 0.1078125 0.13440436305535747
3 0.66171875 0.2958342716819719 0.046875 0.04960515785015547
3 0.703125 0.27154763224766787 0.0421875 0.041519642065139986
3 0.7640625 0.2797171770424658 0.04375 0.04473564732681172
3 0.653125 0.24867855062116712 0.0296875 0.03141659997176518
3 0.690625 0.23868192434104268 0.03125 0.03150760523343692
3 0.6484375 0.22082656640618264 0.028125 0.03132559471009326
3 0.53984375 0.19355768209237617 0.040625 0.04299113680346807
3 0.553125 0.16544038736816544 0.0328125 0.033161110495108836
3 0.51328125 0.1396360215407976 0.0328125 0.030036110495108837
3 0.7484375 0.3376584796591843 0.0953125 0.09305132096198276
3 0.59609375 0.18793774267218957 0.0703125 0.1025327367752332
3 0.53984375 0.29512018209237617 0.1265625 0.17924642619541978
3 0.46171875 0.2457641951759686 0.1296875 0.15442843671876344
3 0.3765625 0.6038489819370844 0.334375 0.3835376259977757
