3 0.1132884758033118 0.577284294865385 0.2265769516066236 0.31953676820408994
3 0.5914350689740496 0.2770989532096507 0.2079164778374471 0.28159715244730926
3 0.791110842379798 0.2864985270848181 0.2087419934412793 0.2676256577089811
3 0.6225457123492159 0.7535102637894642 0.2407489099950512 0.1947187787274336
3 0.24870209859983436 0.7978712686982001 0.24330069990914288 0.18396328925077726
3 0.7254261301461831 0.5738311980891533 0.21106140999505135 0.19298967875566858
3 0.5740827154014335 0.45958522951800995 0.17545810266810485 0.16755006299888783
3 0.3223907406162042 0.4469843319088495 0.13805327792830413 0.10773544724210708
3 0.2892263585494571 0.5299179292497787 0.16296474672063965 0.13722552616718495
3 0.9135214309144086 0.28404211404357793 0.08221935775648745 0.08267526308359248
