3 0.6763092657429687 0.6786529494589171 0.12690469269935695 0.12982469810012062
3 0.5589917731573426 0.6497201232487783 0.11175985376405215 0.102525213703953
3 0.12887850882288648 0.7400850101767653 0.1319741946765233 0.1394453595655099
3 0.49355906863216853 0.4379847631174414 0.09731535178688588 0.09241322930778502
3 0.415445997491361 0.38438945160662363 0.08625051779449713 0.08871501922187681
3 0.10334129243471442 0.5823886968569252 0.07974584980971958 0.08213747060135787
3 0.1841787514456937 0.37779969414339176 0.08931185079830276 0.08731629353213641
3 0.7186094426621759 0.2336336985544059 0.08924818380210837 0.08575379353213641
3 0.8631273996959887 0.036071460313050877 0.07630251482874754 0.07214292062610175
3 0.4904618794300338 0.15048144109117403 0.08462435079830274 0.0870706320667471
3 0.25090728950614594 0.1942192322484612 0.08255251482874763 0.07448874491161739
