3 0.78854009790683 0.7688936168286812 0.30024233403260486 0.3189370636389587
3 0.6517317952168264 0.47770230632385474 0.13122853444287888 0.12627417211208342
3 0.2621364989510928 0.475678026119896 0.1344719336130419 0.12790940729444458
3 0.15394641326810282 0.4058538757593057 0.125688929463857 0.13550370174736112
3 0.043368262547800976 0.39197060087368063 0.08673652509560195 0.12438436379145842
3 0.3900517018601666 0.29552036027607675 0.047065176764564676 0.04476829255305557
3 0.36308738277391617 0.25889187604364616 0.04334818091374952 0.036883057370694416
3 0.30225662655013885 0.24573660619201415 0.04358497925407558 0.04000805737069442
3 0.41969258028440526 0.2555136093261462 0.030256185062934548 0.028779616641249995
3 0.38931891866668755 0.2328930737069448 0.03170028589277143 0.02725348423243057
3 0.43564946700701357 0.23084091764677117 0.02869368506293455 0.02874324905006951
3 0.5490015719860355 0.24287075180295187 0.041904080083912554 0.03840918977951393
3 0.548907406219133 0.21312870041618104 0.03338118506293455 0.028852351823611143
3 0.597392450410274 0.203300411947188 0.033144386722608485 0.025727351823611144
3 0.29156665766902545 0.3041848858272919 0.09678175684847723 0.08335932028847229
3 0.49837460995339933 0.21899618749840322 0.06972234937994451 0.09676720364722229
3 0.5035571721911725 0.3365109958190282 0.1250503120372805 0.16824346656500017
3 0.5972838614032918 0.31834418369868106 0.12916912697434615 0.14026393692972228
3 0.5169862518508779 0.6757014355985421 0.3338603174358653 0.35091441546256963
