3 0.11243611791345831 0.5027269030247192 0.13930243664223269 0.1480862978836665
3 0.8143764042839191 0.6955545816340156 0.2008297985267319 0.2059304909161442
3 0.6263350909261517 0.5741891199747844 0.1216778940675857 0.1404332945496865
3 0.45715875602895933 0.5274091990722177 0.10706909084927715 0.13147288273097574
3 0.48364448239584734 0.43746985422296875 0.09783620248167449 0.11052265394280311
3 0.7587376815233272 0.5136665949699352 0.11767880891829172 0.1276782030344174
3 0.7257062962578178 0.4083890346684331 0.06519866510280767 0.06591178454774678
3 0.6454396420507734 0.40095891406542894 0.06451025025210164 0.07828423879011233
3 0.5668008258430145 0.3258151349776939 0.05149679802252862 0.04770391848667064
3 0.6023612674289257 0.2949479011885513 0.039903734160558105 0.037436098183228864
3 0.7093271794296403 0.35379712951768205 0.05048060124083733 0.05538887272903601
3 0.770144347130338 0.30610918648520424 0.03710651609154336 0.041868506667959784
3 0.6510447858662576 0.3430188683077944 0.05237088317182241 0.060203918486670636
3 0.6628235200268158 0.3078785937619872 0.0367787341605581 0.03718100666795978
3 0.7230726051761096 0.29053185497187484 0.03376299480421992 0.038488415152690705
3 0.6734003871070948 0.28992581921618 0.03499771287323465 0.03392846091032524
3 0.6279457754746973 0.27343969194521606 0.03343521287323483 0.0338009151526907
3 0.6476244909458222 0.2586278928536016 0.029982430942249394 0.028858323637421624
3 0.6838679935437122 0.2735355446703728 0.028419930942249393 0.028730777879787082
3 0.679404368669763 0.23739075057972814 0.021623627723940865 0.020408094849248926
3 0.6855668873591964 0.21591436330682456 0.020061127723940864 0.020280549091614385
3 0.7211766054282112 0.21766831088123023 0.029982430942249394 0.028858323637421624
3 0.5214283416824563 0.3636976433126436 0.09293018119435104 0.1070150166698994
