3 0.4715898320688884 0.6188096452842364 0.2564721248093752 0.2270583574935408
3 0.8578903547703121 0.6119963317460295 0.25912565254479175 0.27403348704318997
3 0.715905489363333 0.4783396298634163 0.25814372758291687 0.23184598704318998
3 0.5911613689223607 0.4083251233850113 0.19302656743868063 0.18242817550756776
3 0.6762286595755553 0.3061432572535973 0.15156511284152785 0.14388730721668547
3 0.8277742822007289 0.23012457048726254 0.2550537887533334 0.16612085749354072
3 0.6275008720564929 0.288203588067551 0.1274002610179167 0.11113536397194572
3 0.5002467346136802 0.35954526681432136 0.15127417211208344 0.13138730721668548
3 0.31756021476204827 0.4328790445736425 0.1581787887533334 0.1599128254152827
3 0.3860179676118398 0.508060714839423 0.20221972948277803 0.17521645280546388
3 0.2783899184092705 0.37298241286452494 0.10548889342673622 0.10817105027685522
3 0.22973486607256915 0.3519177436784785 0.10672408510611113 0.0942086798265045
3 0.249068053952222 0.258628818632336 0.07968880642076392 0.07219397748246603
3 0.4190896132227776 0.26021469772056 0.23536084422416687 0.2584690437984502
3 0.2893475618360067 0.2708692003414536 0.07024107123840277 0.06846820018457009
