3 0.5891453489789591 0.6546649399268215 0.2239632539486923 0.2773635733609078
3 0.4168685298927087 0.6926387492839113 0.24477266141722503 0.2635556120305441
3 0.753642789016271 0.48307010856941357 0.24735228714217125 0.21519083736472577
3 0.5425635790582273 0.5042927699315941 0.09701855518880328 0.08542951734563572
3 0.44711029171556343 0.5757779659452752 0.13480382033565022 0.15143632535009016
3 0.7674549900512451 0.38673091056655007 0.04311138257342364 0.033285214672181505
3 0.6803693871468156 0.393217815245095 0.05546967261537983 0.052162484006999674
3 0.4640241819626567 0.4997330866088663 0.08307445435896632 0.08682838534372675
3 0.528559356027929 0.4536296985996394 0.061364475104890556 0.047547709341181486
3 0.5042455176456467 0.43201832793604833 0.042259277594401824 0.04264203333863605
