3 0.553125 0.9625 0.1265625 0.0734375
3 0.5140625 0.90625 0.1296875 0.134375
3 0.503125 0.8265625 0.11875 0.1078125
3 0.6296875 0.7734375 0.1234375 0.1265625
3 0.440625 0.753125 0.09375 0.0953125
3 0.55625 0.659375 0.08125 0.071875
3 0.40625 0.6640625 0.0875 0.0859375
3 0.5203125 0.6 0.0703125 0.0578125
3 0.4171875 0.61875 0.075 0.0640625
3 0.4265625 0.5875 0.065625 0.053125
3 0.4140625 0.5453125 0.0546875 0.0484375
3 0.4234375 0.521875 0.0453125 0.0390625
3 0.403125 0.5015625 0.0453125 0.034375
3 0.38125 0.475 0.0359375 0.028125
3 0.3296875 0.4921875 0.040625 0.0359375
3 0.3765625 0.4421875 0.03125 0.0359375
3 0.3703125 0.4359375 0.0375 0.04375
3 0.3328125 0.4078125 0.0171875 0.0125
3 0.3125 0.4375 0.0328125 0.03125
3 0.39375 0.4578125 0.028125 0.0296875
