3 0.17946386367837694 0.5945387528393737 0.12606743776222679 0.11923301542127547
3 0.3050460493660113 0.4754768814911741 0.08596265601864025 0.08420345048646727
3 0.596308744177208 0.565047490661214 0.09315984937994451 0.0968125446422686
3 0.5424761170023692 0.41860313879477473 0.05390717261537983 0.05243525324641087
3 0.373112655594433 0.29986895535443603 0.024976689212119395 0.02072160308425506
3 0.5642112522750852 0.29694632710637753 0.018371491701630306 0.01592500892845372
3 0.5533212964662263 0.2858042755642499 0.016690592531467274 0.014335235389503431
3 0.5392695292447869 0.3473593843305479 0.05677206348717299 0.06965002678536117
3 0.4457041703170727 0.6117025279998819 0.2224007539486923 0.278518286524594
3 0.6681585881585678 0.6492236676087308 0.057222349379944505 0.09618525324641088
