3 0.8920307827641644 0.5219395315271672 0.13119500569998338 0.11165563836728971
3 0.8717232726247058 0.3768042935292198 0.11414961733238052 0.09125223477649361
3 0.8575839989915938 0.2886412181972548 0.08104218639013112 0.0645079275949012
3 0.8397680683014459 0.2418889380448297 0.0643245799535137 0.048792024004105095
3 0.7924067492436955 0.21561278435583767 0.07224634059717552 0.05039997579950324
3 0.863396592438761 0.18318155855633447 0.06599634059717552 0.050363614363184706
3 0.7703785659556573 0.15092357046019114 0.05251299480421991 0.036228391490547775
3 0.7001206962774882 0.15055138661877393 0.04470049480421991 0.03618293969514967
3 0.7352987256105834 0.12769969389856217 0.036341691585911204 0.02832498789975162
3 0.670181824001429 0.1319831938003663 0.03143567029858776 0.025172716822512743
3 0.7740552230126934 0.10951277528065133 0.03445140965492612 0.023628397540671964
3 0.7136804517253699 0.11298775410521662 0.03434214901126431 0.022065897540672008
3 0.5394417422832044 0.6950149798065238 0.2671539210548925 0.24676695745273883
3 0.18226339079026566 0.8220421298812788 0.29913589457178885 0.2797521742752515
3 0.10292381415250924 0.7640801598373121 0.2058476283050185 0.3575953731437835
3 0.17493112805291694 0.6588699641902341 0.09747556956195358 0.12083065046753809
3 0.3395892077543292 0.6829018409482548 0.1576153940675858 0.13211358411256366
3 0.2205931893169973 0.6312716841360049 0.11669546312533621 0.1053238251355733
3 0.2996904634543124 0.5722415969001832 0.13511768119435102 0.10074540944452863
3 0.31349051952261264 0.5089058047457055 0.13489915990702758 0.09762040944452863
3 0.4555198463740333 0.5885155158126816 0.14380426634364482 0.11329086123992678
3 0.6387747427874075 0.5476218293389857 0.15572511213660042 0.12741699375348398
3 0.45814745566064224 0.5174354013513011 0.14093063861970415 0.09453177088084708
3 0.6681340968782364 0.44046331431187113 0.11069683540139544 0.08654655405833438
3 0.38048663140711164 0.4554126452029809 0.11829081411407198 0.08346700585373253
3 0.4199915278204859 0.41535527176460996 0.09576025025210147 0.07396474082661779
3 0.526853533016266 0.4506564466290367 0.11236859604505725 0.0881181444174139
3 0.5446855252225958 0.39666838339732013 0.07835422896477802 0.07073974687674198
3 0.6795739774521687 0.36620820287555256 0.07835422896477802 0.07073974687674198
3 0.6844142967620208 0.31932411251647297 0.06465236188449897 0.05347952400410509
3 0.6771152489915938 0.2896911546709507 0.07290190445914604 0.05977497579950315
3 0.5661670413141392 0.35749679908836474 0.08268109604505725 0.0879454275949012
3 0.44045684713033795 0.36838027781473415 0.08438570767745457 0.06765110831306043
3 0.4550327993599109 0.3386200549420971 0.07301116510280767 0.06133747579950324
3 0.6555898102556742 0.26248376005714497 0.06109031930985207 0.047211343285945874
3 0.6632601986232768 0.2421348986208265 0.06287134059717552 0.050345433645025486
3 0.4843703741176446 0.2541086995559029 0.06610560124083734 0.05192611436318471
3 0.6329988982549597 0.19467409134103825 0.04982503737886681 0.042460210772388506
3 0.47196856310566576 0.2081058531466991 0.07275979282674853 0.08007838544042353
