3 0.4730139710942334 0.8909400355641803 0.15253441015912905 0.1752232332097769
3 0.3441577255337088 0.6308160126986897 0.09093063861970414 0.09669643992586625
3 0.4673984835794805 0.6546032314804965 0.09907092055068922 0.10165675843752062
3 0.7209001780153834 0.7468453282999372 0.11135239926336596 0.09896826805616747
3 0.8339786042660557 0.9447346689592919 0.18127141535490915 0.11053066208141615
3 0.6472937971893493 0.5969792483555375 0.06519866510280767 0.0630654843909035
3 0.6220152917414677 0.5586880746717401 0.05974634059717552 0.051964293283910834
3 0.6060571559717551 0.5199430332019277 0.04491901609154336 0.04053571996293322
3 0.4844335282478143 0.4969916281224519 0.04848105866619044 0.04689484736759475
3 0.4934371876506388 0.44742813774109874 0.038013452229573017 0.030942465153609787
