3 0.8910238879460696 0.6544663861211304 0.2179522241078608 0.23951647635429066
3 0.5897141909755731 0.6212931529183626 0.2094103787873868 0.22441169461070415
3 0.5384715162812007 0.4750092261537979 0.1688805540475858 0.16375761452679144
3 0.31659319425493343 0.47298109440556696 0.17989994120271574 0.16614890871793264
3 0.32532746438132143 0.580249142745893 0.21443207146044047 0.2014477912913561
3 0.30546974502315904 0.7507150080978772 0.2589942989592033 0.24995706888575775
3 0.5472346053816384 0.2710204657808357 0.121275213703953 0.11657403859206372
3 0.2715418865893029 0.22211641141722502 0.09989818068726616 0.0947223493799445
3 0.2373063274533343 0.14793262759904605 0.0901137449116173 0.08619945435896632
3 0.21695952792830414 0.11604308755708974 0.08625176051544958 0.07190015601864026
3 0.3222202380142124 0.13491333195801233 0.07046298620519006 0.06759116431701004
