3 0.43125 0.753125 0.121875 0.1609375
3 0.321875 0.6484375 0.1015625 0.1109375
3 0.2078125 0.64375 0.14375 0.11875
3 0.3859375 0.55625 0.059375 0.0578125
3 0.3171875 0.534375 0.0625 0.0484375
3 0.41875 0.5125 0.04375 0.040625
3 0.3734375 0.5 0.034375 0.034375
3 0.3828125 0.465625 0.0328125 0.0265625
3 0.4390625 0.4734375 0.0296875 0.0265625
3 0.4515625 0.4453125 0.021875 0.0203125
3 0.5921875 0.4546875 0.0265625 0.01875
3 0.6609375 0.5125 0.05625 0.040625
3 0.140625 0.778125 0.0859375 0.1125
3 0.271875 0.640625 0.0359375 0.065625
3 0.453125 0.4296875 0.015625 0.0125
3 0.4453125 0.41875 0.0125 0.0109375
3 0.55625 0.4078125 0.034375 0.0171875
3 0.5125 0.4078125 0.0515625 0.0203125
3 0.4859375 0.403125 0.0140625 0.0140625
3 0.4625 0.4125 0.009375 0.0078125
3 0.4625 0.421875 0.0140625 0.0109375
3 0.4703125 0.4078125 0.0078125 0.00625
3 0.471875 0.3984375 0.00625 0.0046875
