3 0.858251469104828 0.7734021011639627 0.21276379958972597 0.20293860174504025
3 0.44472176537056163 0.7514792805936029 0.26053937137526867 0.25912289976756886
3 0.2364436336223307 0.5154386017450403 0.18466211037760658 0.18076867080279085
3 0.5586621757388794 0.5527354140175269 0.18227081618646537 0.16972191015912905
3 0.8225354215896946 0.5789583324745292 0.16150803029369384 0.14184828243518838
3 0.7893579139160247 0.6846566754174933 0.19188261452679142 0.17350247402109958
3 0.1031790024987997 0.3771195108957633 0.14827432448483518 0.15180243664223275
3 0.39406411162700644 0.38036375126050775 0.14517263527271593 0.13138067599857095
3 0.6079257020838812 0.41319194879850374 0.14012993776222693 0.12636539406758568
3 0.7888447379766526 0.4522647924977724 0.11863344606059645 0.1093200056999832
3 0.7573686724148871 0.3855636115555229 0.13603443361304207 0.13385011213660053
3 0.4192165543636107 0.3020802141337424 0.11011055103961845 0.09939870248167448
3 0.15703678569227875 0.3187167850330783 0.14986013527271586 0.1317084579295562
3 0.23719695975755103 0.2792497294689812 0.13809384108157471 0.12000613342392397
3 0.28236682718412753 0.2497696791006641 0.12272895020978147 0.10183528763096836
3 0.5733703354824973 0.25457641946540854 0.12377123195336796 0.13610102698730664
3 0.4455180226200241 0.26972653604148455 0.11370914772027056 0.10586722376899793
3 0.6479792491748074 0.23414894100483355 0.08776195435896632 0.09161905347041026
