3 0.5958847150627493 0.71953125 0.25488000904511166 0.2421875
3 0.5139507988476616 0.41953125 0.15621677973732648 0.1484375
3 0.6752058813893786 0.36875 0.13771908525525056 0.1234375
3 0.635707369403591 0.2578125 0.11108134215265544 0.0921875
3 0.4897430941888203 0.28515625 0.09825379353213641 0.0859375
3 0.370485161126705 0.2203125 0.06881859905006031 0.0609375
3 0.46430708220303263 0.17421875 0.07103619629109836 0.0734375
3 0.5244976317280627 0.14375 0.06010534034363317 0.04375
3 0.5216935362960472 0.1078125 0.04744156603337366 0.040625
3 0.38684050147033805 0.1765625 0.0540191146538926 0.046875
3 0.020137680348581835 0.328125 0.04027536069716367 0.10625
3 0.07851234509333144 0.2609375 0.07243492198083883 0.0703125
3 0.9074938381959263 0.2296875 0.1099282779283044 0.1
3 0.8466725248760865 0.19765625 0.08616987336031982 0.0640625
3 0.7990915179786814 0.16640625 0.07539614767057934 0.0671875
3 0.1375553951841885 0.43125 0.06477955223856365 0.103125
