3 0.8484375 0.55625 0.2078125 0.1984375
3 0.39375 0.6953125 0.3125 0.2390625
3 0.5875 0.4953125 0.2171875 0.1671875
3 0.35625 0.4984375 0.23125 0.15625
3 0.115625 0.7046875 0.2296875 0.24375
3 0.0921875 0.49375 0.184375 0.18125
3 0.909375 0.353125 0.1296875 0.11875
3 0.9125 0.2390625 0.1453125 0.1421875
3 0.684375 0.33125 0.1765625 0.165625
3 0.75625 0.2515625 0.096875 0.090625
3 0.56875 0.2765625 0.1671875 0.1703125
3 0.6484375 0.20625 0.1046875 0.078125
3 0.5296875 0.19375 0.090625 0.053125
3 0.309375 0.1859375 0.096875 0.0375
3 0.19375 0.1828125 0.096875 0.0296875
3 0.046875 0.2953125 0.0921875 0.1125
