3 0.32984894730715114 0.7535103782447633 0.3355302227490644 0.35553652840691896
3 0.49242203188503303 0.4300843352240523 0.1479948439616777 0.14307961850553053
3 0.934046869628704 0.44730047767227515 0.13190626074259199 0.14464211850553071
3 0.7981420081406003 0.23170097686149616 0.050976001809022266 0.04928297970746058
3 0.832690748529662 0.19093565502682916 0.04423467887824373 0.039798885551659155
3 0.7677651113745322 0.18824130316039006 0.032887743102595124 0.03179547077900682
3 0.8006251990046318 0.15993507101729754 0.03601274310259513 0.031850017856907484
3 0.749803005427067 0.1582674310014115 0.028200243102595123 0.03171365016215577
3 0.6190443283578455 0.16535145372958293 0.041191566033373664 0.04130683847375849
3 0.6187643673674261 0.13022247726853325 0.03617651741285464 0.03497501785690749
3 0.5642849072815178 0.11834404017474656 0.034204581637205675 0.027135244317957153
3 0.5770781563770067 0.09437075202529961 0.028036468792335612 0.02858865016215577
3 0.6207838907731743 0.10918327434643396 0.02959896879233561 0.028615923701106105
3 0.6372476102428785 0.5871582698822071 0.3860702125722991 0.5156479139585782
3 0.6613723484842334 0.2730236318949159 0.14600962008095947 0.19456029788867957
3 0.6739022467206397 0.13977080113179516 0.07588082654882307 0.1074773092527653
3 0.9113380489592032 0.24694592166592066 0.11001016508343398 0.10338982710967279
3 0.5603487590451115 0.2517468754020942 0.1323698439616777 0.14280688311602718
3 0.5190576164629148 0.10428549431466186 0.0545923247398008 0.05871252678536121
3 0.9000044012886239 0.17962205397116895 0.04719590456798457 0.036728432629559826
