3 0.4316572288171878 0.39901679084143526 0.17939917211208342 0.127012444048363
3 0.17934853998760442 0.3260948017284949 0.1416445989738196 0.1149838054894186
3 0.11673682437253488 0.18530466567683304 0.11315592306201397 0.09854045157021041
3 0.9085437710859029 0.5528407536279097 0.18291245782819415 0.12751254922121244
3 0.888507947282049 0.4716445779219468 0.1709684230620141 0.1002226235152495
3 0.8162315973582988 0.3852236931239261 0.14582295269729145 0.09324519780928675
3 0.6803129343642711 0.4156205837944415 0.16824346656499997 0.11731919530200426
3 0.6637774381639933 0.3089614068348374 0.13797408510611114 0.09145537727617326
3 0.5535666367772224 0.3034124373179384 0.11722517401194459 0.07211434389007838
3 0.5249156131258683 0.34707986929210743 0.13001611474138902 0.08497805674305985
3 0.4169563363403822 0.2705508100417651 0.11744337955902787 0.08148934389007838
3 0.5360693590418057 0.2560600641984002 0.0950228656913195 0.05741534639736088
3 0.45481870583142375 0.2201249127073322 0.09836607123840295 0.06688127461060622
3 0.2703346030578821 0.21007264812585577 0.07936149810013893 0.055398205331134064
3 0.3413919854667016 0.2105787649771878 0.08579333605604171 0.06339256175762475
3 0.36261236882545156 0.1830902624699053 0.09342399810013902 0.05580738229073821
3 0.2804901998475001 0.17679714687221457 0.0681330573706945 0.042579956584775314
3 0.17692878875333345 0.1550465158351176 0.07612739532659729 0.05061977711788872
