3 0.6875 0.6859375 0.1296875 0.1375
3 0.296875 0.6515625 0.1359375 0.1515625
3 0.3328125 0.5421875 0.0890625 0.084375
3 0.8703125 0.5046875 0.1 0.0859375
3 0.4640625 0.4453125 0.0859375 0.125
3 0.5421875 0.43125 0.071875 0.0625
3 0.6421875 0.4265625 0.0671875 0.05625
3 0.63125 0.36875 0.059375 0.046875
3 0.5125 0.3609375 0.0515625 0.0375
3 0.3046875 0.3921875 0.0546875 0.05
3 0.33125 0.3546875 0.0453125 0.0375
3 0.3734375 0.3359375 0.0453125 0.034375
3 0.4359375 0.346875 0.046875 0.040625
3 0.115625 0.4078125 0.053125 0.0484375
3 0.0421875 0.346875 0.040625 0.040625
3 0.2578125 0.315625 0.0375 0.0328125
