3 0.6353798628110606 0.8492687393698404 0.3666794816532356 0.21109570728648136
3 0.4990747241491832 0.7893352431628624 0.3580408007386847 0.3368929327406741
3 0.298067256933887 0.5761649187765346 0.2905896803253758 0.286095965162389
3 0.10124836173090605 0.46898950287493796 0.2024967234618121 0.21827099425012406
3 0.02028016286237421 0.3529656322719338 0.04056032572474842 0.1534437354561325
3 0.9133029341360048 0.19016570890497955 0.11500789734428025 0.17181084030732108
3 0.7394018258229442 0.284010788002413 0.23871810811666877 0.2287619551604494
3 0.4876171329063408 0.20851567786039044 0.21837833703942983 0.22241636031120038
3 0.3042824581401099 0.17897105438244837 0.15553290339440445 0.15793953000581898
3 0.21061427137182642 0.17256129984052046 0.13191359621281204 0.12477634364130097
3 0.5694170996306577 0.1073520484633946 0.17106699980360834 0.14358998758216437
3 0.7634852621984443 0.057247627790349 0.18050563231716552 0.114495255580698
3 0.8231375181503726 0.021334155440615128 0.16622496369925485 0.042668310881230256
3 0.7005585362025494 0.012708325594275666 0.1488829275949012 0.025416651188551333
3 0.509020475995895 0.043304299007025496 0.15539654800821018 0.08660859801405099
3 0.3609778857350111 0.09781690710760507 0.17108518052176755 0.14671498758216436
3 0.34252786758463855 0.047784956199219485 0.12385565651766246 0.0819511148531283
3 0.1977602682485685 0.10020793878041401 0.13642837939029934 0.09547148091420458
3 0.058271042252673565 0.1538107840887049 0.11654208450534713 0.10487843182259016
