3 0.909375 0.35625 0.0859375 0.2
3 0.915625 0.565625 0.0875 0.1984375
3 0.803125 0.3671875 0.090625 0.2140625
3 0.6890625 0.359375 0.09375 0.2125
3 0.809375 0.590625 0.0859375 0.203125
3 0.5640625 0.35 0.0875 0.2078125
3 0.58125 0.596875 0.0859375 0.1921875
3 0.6984375 0.6015625 0.0984375 0.1890625
3 0.4453125 0.58125 0.0859375 0.2046875
3 0.4375 0.35 0.0921875 0.2
3 0.315625 0.3484375 0.0953125 0.196875
3 0.3328125 0.5828125 0.0921875 0.2015625
3 0.19375 0.59375 0.0859375 0.1984375
3 0.20625 0.3578125 0.090625 0.1890625
3 0.0859375 0.3734375 0.0890625 0.225
3 0.0796875 0.6 0.084375 0.2171875
