3 0.8321547005336603 0.5596648790586402 0.17033104053191012 0.20545225879399176
3 0.6844904747539481 0.4572568404280073 0.07425985376405216 0.10261455909355402
3 0.6564556580617648 0.380901505580698 0.021394838935304604 0.028220594849248926
3 0.4498727356283629 0.4250175227096394 0.03290534190105419 0.04317591515269079
3 0.4110821496588078 0.44064239377168557 0.03590300790866543 0.04030600666795969
3 0.5759219465793276 0.5992686104318866 0.0709146778706092 0.05873701333591956
3 0.6227279623966583 0.5206973292181196 0.0518463428896375 0.04939396424430509
3 0.5651356382901012 0.48179406800823193 0.03870967292769336 0.03274859818322895
3 0.6361458166550021 0.4207133046723124 0.019450336958138338 0.018718049091614473
3 0.6454399036131405 0.40282430300532257 0.014571835969555202 0.013647911818710768
3 0.6204717371112377 0.404083785127475 0.013009335969555202 0.013520366061076317
3 0.63507540657889 0.3896546233087642 0.012945668973360825 0.011957866061076317
3 0.21010594559074436 0.633801817718368 0.06785334486680368 0.060044421820650486
3 0.30072562840426953 0.5500967552908339 0.048466674904859806 0.04288887272903601
3 0.34214380726346205 0.4890956113499705 0.029143671939110227 0.027295823637421536
3 0.382768807263462 0.48577942165147264 0.030769838935304605 0.028985869395056162
3 0.443243392244434 0.473056409982543 0.027517504942915848 0.025605777879787083
3 0.3997480602292115 0.47037769119631 0.035775673916276673 0.03718100666795969
3 0.4527603136892527 0.44969865831555306 0.021012836958138336 0.018845594849248925
3 0.5016899036131404 0.4145585127076997 0.012945668973360825 0.011957866061076317
3 0.5251592371112377 0.4118640763431817 0.014508168973360824 0.012085411818710767
3 0.5366060730807929 0.39847125603974 0.009693334980972069 0.008577774545807238
3 0.5506367395826957 0.3981045942210292 0.01125583498097189 0.008705320303441778
3 0.5749509900769872 0.39378388497769384 0.011319501977166269 0.010267820303441777
3 0.5596443250579591 0.3872468425540392 0.009820668973360824 0.011702774545807237
