3 0.5391778924753486 0.48350911427754256 0.3858477245643247 0.31082045737619807
3 0.03877559388030946 0.4912758693586145 0.07755118776061892 0.08567673871722903
3 0.8476454797361204 0.19286034837591792 0.04705909057054072 0.03881845909205772
3 0.8895996933421901 0.14870718309479627 0.037320217535011226 0.03073317445232169
3 0.7302760432183557 0.19335679037921683 0.04044521753501122 0.03082410266556703
3 0.9314853246498871 0.3243807845067221 0.05483735731976367 0.07181281551854841
3 0.7711022504142848 0.17342237509809522 0.03583049214211727 0.03225021034569897
3 0.3968963089341214 0.24624113182851975 0.04647689371369364 0.02631845909205772
3 0.821667330645743 0.14594824445670965 0.03085189371369381 0.02586381802583091
3 0.8797730831269425 0.10774120229512618 0.024456344499482086 0.02255696159934022
