3 0.806590490182528 0.6958056376505141 0.24128994183926125 0.29279225768074646
3 0.6155846005364625 0.5262953164061827 0.11462248407381015 0.14993835779368575
3 0.5832109872693434 0.41372669794797884 0.033798147326811724 0.04557010523343692
3 0.2856989504376405 0.4419551976656302 0.05189569994353027 0.062196163111827296
3 0.43503400859837954 0.7119961399284142 0.10620376834526439 0.08560284200867016
3 0.5183386032378856 0.6051476294756577 0.0824022472985769 0.07798776308359248
3 0.4379678347514469 0.5413119136059376 0.06072466837349921 0.053367194681858444
3 0.058485461102158486 0.6000084342996891 0.07569722099021765 0.06981124203690499
3 0.1822939584007354 0.5196090317817926 0.04924113680346807 0.04335515785015538
3 0.12709822418575095 0.5181522185711434 0.04620714206513994 0.0447356473268119
3 0.2724107241857509 0.5096887292356612 0.04115562101845249 0.03821263154179633
3 0.20994852154079754 0.4993119423333711 0.05483868942018653 0.05925317363517095
3 0.2897193215266801 0.4798724266189428 0.037757605233437005 0.03334312101845249
3 0.5473043083725005 0.46876280844308765 0.037575594710093266 0.030218121018452494
3 0.5659933951900861 0.4419805005646974 0.024802578925077867 0.02480257892507769
3 0.5302379057134298 0.44094862158314985 0.021404563140062293 0.019933068401734033
3 0.22927464519008606 0.46159213445498076 0.0547476841585147 0.057690673635170955
