3 0.0484375 0.3921875 0.0953125 0.06875
3 0.0546875 0.3171875 0.0828125 0.053125
3 0.403125 0.1546875 0.021875 0.0203125
3 0.4390625 0.1390625 0.0203125 0.015625
3 0.4171875 0.1296875 0.0203125 0.0171875
3 0.1828125 0.771875 0.2296875 0.2125
3 0.56875 0.5453125 0.1234375 0.125
3 0.784375 0.51875 0.1046875 0.103125
3 0.5765625 0.425 0.0953125 0.084375
3 0.4234375 0.428125 0.0921875 0.1
3 0.721875 0.328125 0.0703125 0.0640625
3 0.5875 0.284375 0.059375 0.0515625
3 0.4921875 0.2484375 0.05 0.046875
3 0.603125 0.2328125 0.0421875 0.0421875
3 0.66875 0.1828125 0.040625 0.0484375
3 0.6078125 0.1953125 0.03125 0.028125
3 0.5515625 0.1765625 0.0265625 0.0234375
3 0.6015625 0.1609375 0.0234375 0.0234375
3 0.7375 0.15625 0.028125 0.021875
3 0.6984375 0.1453125 0.0265625 0.0203125
3 0.5515625 0.15 0.025 0.0171875
3 0.546875 0.1609375 0.0296875 0.0171875
3 0.5671875 0.1375 0.0203125 0.0171875
3 0.6078125 0.1296875 0.0203125 0.01875
