3 0.24626386241827714 0.6305435628630628 0.31290101756119737 0.35198214681406553
3 0.5684484555078312 0.4280883811028091 0.13040563836728972 0.12947779238978613
3 0.9440807563447118 0.1676901127009563 0.048673849336070066 0.04288101282028158
3 0.8817120456705192 0.2822834596816376 0.07540906615858275 0.07380568114108108
3 0.9069574853656688 0.2389315659679439 0.06280907220870695 0.056035984284234355
3 0.8244313316766767 0.19356987014455435 0.05654998184962743 0.05418238585581085
3 0.7727415666495621 0.21784643217904764 0.08011474687674199 0.07714900496239877
3 0.7302586299794745 0.27059259657090584 0.08325792759490121 0.0804195541766104
3 0.7866000544511178 0.11800909801864787 0.09125223477649361 0.11203342721213971
3 0.8719062953759316 0.08826163193137863 0.058185204722264315 0.06675516046291671
3 0.282329669207086 0.33831752150673394 0.34125327653818793 0.39235458974197107
