3 0.1366576848182143 0.8023330173058649 0.13730829454968657 0.1139908693507266
3 0.24375232088316992 0.6855716839592747 0.09712983363936134 0.08074201734563573
3 0.24944395361414565 0.5871614559595928 0.06514651000193963 0.05227157200827222
3 0.2759106008889889 0.5306569172899566 0.05695137272903601 0.04749316534054504
3 0.24499518286136027 0.45999042862827455 0.055101830305381405 0.06308180267345413
3 0.2980723854367358 0.46951942262095664 0.056281693032477785 0.05841248400699968
3 0.8342815970959669 0.6607485712126419 0.22994181788754559 0.23526698002863497
3 0.6781905780101717 0.5267564739020045 0.12219347758022465 0.12005905601527189
3 0.6099506321027559 0.483061565245095 0.06769742515463033 0.08352157200827222
3 0.46030157634318164 0.5378774292648213 0.11214879788366652 0.1308692866804538
3 0.5486313973955295 0.7561723485837312 0.1395085233378591 0.12182155068427196
3 0.39239634134609125 0.4613972926082299 0.028475686364518006 0.02374658267027243
3 0.4151959836199646 0.43069218527213915 0.023405549091614474 0.01900453866963616
3 0.37946577771060924 0.43813251527691166 0.023405549091614387 0.01900453866963616
