3 0.8828125 0.7921875 0.2328125 0.2015625
3 0.6703125 0.684375 0.2109375 0.1890625
3 0.7703125 0.5921875 0.171875 0.1296875
3 0.8421875 0.5140625 0.1515625 0.11875
3 0.4640625 0.5734375 0.1703125 0.1328125
3 0.4109375 0.8703125 0.225 0.065625
3 0.1671875 0.803125 0.240625 0.1828125
3 0.0625 0.65 0.125 0.140625
3 0.228125 0.5234375 0.1515625 0.11875
3 0.496875 0.4703125 0.1515625 0.1
3 0.659375 0.4296875 0.13125 0.096875
3 0.746875 0.3640625 0.1015625 0.0890625
3 0.9046875 0.384375 0.115625 0.1015625
3 0.9140625 0.31875 0.0875 0.0609375
3 0.9640625 0.3609375 0.071875 0.084375
3 0.721875 0.33125 0.084375 0.0703125
3 0.671875 0.296875 0.096875 0.0890625
3 0.5875 0.2640625 0.0921875 0.06875
3 0.959375 0.23125 0.0796875 0.065625
3 0.915625 0.215625 0.075 0.0609375
3 0.8828125 0.1890625 0.08125 0.075
3 0.81875 0.184375 0.0890625 0.05625
3 0.696875 0.18125 0.0703125 0.0625
3 0.778125 0.1609375 0.0609375 0.0421875
3 0.7859375 0.11875 0.0609375 0.0421875
3 0.590625 0.175 0.0796875 0.0703125
3 0.571875 0.1265625 0.0703125 0.05625
3 0.44375 0.1203125 0.071875 0.046875
3 0.4984375 0.2109375 0.0859375 0.0609375
3 0.16875 0.2640625 0.0953125 0.0640625
3 0.1453125 0.2203125 0.0890625 0.0640625
3 0.31875 0.26875 0.228125 0.2234375
