3 0.3285214207818804 0.6541181648189032 0.12273561151914833 0.10956887978345567
3 0.3966496674479005 0.6389538175636125 0.08281224212409226 0.07879024122451135
3 0.4887575480528444 0.6120168960142847 0.12040783697334127 0.10014841567683312
3 0.5449119532035953 0.593386567959324 0.08319487939699588 0.08347774122451135
3 0.42538057426564146 0.6280988855894435 0.06473192182065049 0.06735263605166182
3 0.5985950625967119 0.5731255437444291 0.0872446506088231 0.0758016335443795
3 0.6382634694144528 0.5625888605166188 0.05133910151720862 0.056051423198680436
3 0.6828426457770311 0.5358277837152993 0.07672173879011232 0.06146634890464338
3 0.880323681532726 0.4916926534696252 0.07177914727484307 0.058204956584775404
3 0.8750304036529389 0.46503922525637975 0.05344373545613266 0.04364235141192587
