3 0.36976901923052713 0.7474142315981471 0.10382495764913058 0.12511562406898663
3 0.23314519712001597 0.8717143724163566 0.08163179508134392 0.06940927956950489
3 0.25594793462698406 0.5769819152204276 0.09909200585373253 0.11708480024766903
3 0.0879246424725064 0.5941801854843074 0.08014201795398088 0.08183650496239867
3 0.10509954869558122 0.32704618941324876 0.08641019867214013 0.08525260339082212
3 0.35259269311299524 0.2092978014905233 0.08794542759490129 0.08063787799792799
3 0.3918995910464506 0.433968161705771 0.09590337334017515 0.1060017510334573
3 0.43896146428842997 0.26541506079614824 0.08801815046753828 0.09313787799792798
3 0.5338785336684666 0.3289445597626909 0.09119769262201594 0.10265842721213972
3 0.5102905218628058 0.4901560415657258 0.08490224082661779 0.09455482878371627
