3 0.28230797862159207 0.6462455480340783 0.08709814937949698 0.2570061694377568
3 0.29553878668480016 0.294782336434738 0.08888796991261039 0.26486413354437943
3 0.5152027658351176 0.15859346918769462 0.03821070533113406 0.07917067445232165
3 0.5693674286089567 0.13903347545590078 0.039091243731793845 0.05577863855894436
3 0.5704418467930723 0.22970393956252347 0.041335705331134065 0.07926160266556703
3 0.5100953801791672 0.251789539720808 0.04625052586424729 0.08721049498543501
3 0.5579311380967259 0.3371898306287503 0.04312552586424747 0.08711956677218975
3 0.5550000178801817 0.45143418705524097 0.04119931301126591 0.07457410266556704
3 0.5062382574553403 0.3879543602539214 0.04151756175762493 0.08551160266556704
3 0.5015173167056827 0.4944316807870348 0.03959134890464337 0.07296613855894432
3 0.5546483283841652 0.5468376152684863 0.04308006175762476 0.08555706677218958
3 0.4978420504083466 0.6368465013201482 0.04285274122451135 0.07774456677218974
3 0.5520581889672911 0.672800721694977 0.04473348997087019 0.08872753087881229
3 0.5463741417911426 0.7730507742814019 0.04473348997087019 0.08872753087881247
3 0.4951693429656416 0.7330993756933276 0.03802884890464338 0.07292067445232178
3 0.4940364034696252 0.8285255359598842 0.04248902837152997 0.06524456677218993
3 0.5469939189090314 0.8480962383880245 0.03211381802583091 0.030596782132453627
