3 0.35606097672989556 0.4028561102950151 0.13550370174736112 0.1249121547112475
3 0.37079954321864567 0.2066913044788164 0.07503767401194458 0.07388525025210155
3 0.3659867162806597 0.11088713158233858 0.048038762917777866 0.05327781930985207
3 0.14044250883371526 0.05129433825138702 0.049383057370694504 0.04401207995351379
3 0.5938181627096872 0.2739327068442754 0.19477090539458358 0.19145479852673172
3 0.6911431851267704 0.4967142790041191 0.33965091356270866 0.38410075645628794
3 0.7336144405420132 0.8274494237788332 0.45712935429215307 0.34510115244233364
3 0.273161477014236 0.19908126424995798 0.2046927256830558 0.2826261017450403
3 0.20332306212034715 0.10655527464151815 0.12689242116215294 0.15706909084927706
3 0.42814122416444433 0.130101307328808 0.1042537017473613 0.12272694183801276
