3 0.7421875 0.6625 0.109375 0.0984375
3 0.790625 0.4859375 0.05625 0.05625
3 0.690625 0.4953125 0.05 0.04375
3 0.746875 0.465625 0.0421875 0.0421875
3 0.6109375 0.5375 0.0609375 0.0625
3 0.6640625 0.4546875 0.040625 0.0328125
3 0.3171875 0.6671875 0.09375 0.0921875
3 0.25 0.553125 0.071875 0.071875
3 0.4 0.5265625 0.0515625 0.0515625
3 0.4484375 0.4515625 0.034375 0.0375
3 0.3890625 0.4359375 0.03125 0.0296875
3 0.465625 0.4234375 0.028125 0.025
3 0.4578125 0.378125 0.0171875 0.0171875
3 0.496875 0.3734375 0.0171875 0.0140625
3 0.584375 0.4375 0.034375 0.034375
3 0.64375 0.4265625 0.0359375 0.03125
3 0.628125 0.4 0.025 0.0203125
3 0.5796875 0.4046875 0.0265625 0.0203125
3 0.61875 0.38125 0.021875 0.015625
3 0.565625 0.3765625 0.0203125 0.015625
3 0.609375 0.3703125 0.0203125 0.0140625
3 0.715625 0.4140625 0.071875 0.0828125
