3 0.9640625 0.7328125 0.0703125 0.096875
3 0.7765625 0.6609375 0.0921875 0.0796875
3 0.6296875 0.6078125 0.0609375 0.065625
3 0.31875 0.7234375 0.10625 0.0921875
3 0.221875 0.565625 0.0640625 0.0375
3 0.3359375 0.546875 0.046875 0.034375
3 0.4359375 0.5078125 0.0296875 0.0265625
3 0.40625 0.4796875 0.025 0.01875
3 0.3671875 0.4765625 0.025 0.0171875
3 0.54375 0.475 0.021875 0.01875
3 0.45625 0.46875 0.01875 0.015625
3 0.61875 0.459375 0.0484375 0.0515625
3 0.41875 0.4375 0.021875 0.025
3 0.5375 0.453125 0.015625 0.0125
3 0.415625 0.465625 0.01875 0.0125
