3 0.68125 0.8234375 0.1484375 0.109375
3 0.9390625 0.7734375 0.121875 0.1015625
3 0.784375 0.7109375 0.1140625 0.08125
3 0.3765625 0.8546875 0.1625 0.0796875
3 0.2 0.8015625 0.1734375 0.125
3 0.08125 0.8546875 0.1609375 0.078125
3 0.3453125 0.6984375 0.13125 0.125
3 0.421875 0.6796875 0.078125 0.075
3 0.56875 0.696875 0.1328125 0.096875
3 0.4734375 0.625 0.0984375 0.0734375
3 0.6578125 0.6140625 0.10625 0.075
3 0.8265625 0.628125 0.0984375 0.075
3 0.8703125 0.5296875 0.1125 0.0859375
3 0.5296875 0.559375 0.1125 0.078125
3 0.0640625 0.46875 0.078125 0.071875
3 0.1109375 0.4203125 0.0734375 0.053125
3 0.1453125 0.3625 0.05625 0.05
3 0.1625 0.3328125 0.0578125 0.0421875
3 0.1578125 0.296875 0.0515625 0.034375
3 0.1609375 0.265625 0.05 0.0359375
3 0.1109375 0.2265625 0.0484375 0.0359375
3 0.08125 0.2140625 0.0484375 0.0328125
3 0.0265625 0.39375 0.0515625 0.0515625
3 0.0125 0.4265625 0.025 0.071875
3 0.0453125 0.353125 0.053125 0.04375
3 0.0515625 0.325 0.0546875 0.0390625
3 0.05 0.29375 0.05 0.03125
3 0.04375 0.2671875 0.05 0.0296875
3 0.0375 0.2421875 0.046875 0.034375
3 0.5546875 0.471875 0.0734375 0.05625
3 0.7171875 0.475 0.0796875 0.0546875
3 0.8796875 0.4734375 0.075 0.0421875
3 0.9734375 0.4359375 0.0515625 0.06875
3 0.853125 0.4328125 0.075 0.05
3 0.8453125 0.3796875 0.0703125 0.0546875
3 0.9203125 0.3546875 0.0609375 0.0484375
3 0.9375 0.3109375 0.075 0.04375
3 0.8984375 0.278125 0.0578125 0.0390625
3 0.81875 0.2859375 0.0625 0.040625
3 0.8609375 0.25625 0.05 0.0328125
3 0.7828125 0.325 0.06875 0.0421875
3 0.71875 0.2953125 0.0609375 0.034375
3 0.6515625 0.3234375 0.059375 0.040625
3 0.575 0.3984375 0.0625 0.046875
3 0.69375 0.384375 0.0609375 0.040625
3 0.7140625 0.425 0.071875 0.0453125
3 0.5515625 0.35625 0.0609375 0.04375
3 0.5453125 0.31875 0.053125 0.0359375
3 0.496875 0.2734375 0.0515625 0.040625
3 0.4453125 0.25 0.0484375 0.0328125
3 0.503125 0.228125 0.0484375 0.0296875
3 0.59375 0.228125 0.0484375 0.0296875
3 0.653125 0.2484375 0.05 0.0390625
3 0.7421875 0.246875 0.0515625 0.040625
3 0.740625 0.2140625 0.0546875 0.025
3 0.678125 0.221875 0.0546875 0.0359375
3 0.4125 0.2265625 0.046875 0.0296875
3 0.8234375 0.2375 0.0578125 0.0359375
