3 0.2578125 0.7171875 0.2765625 0.315625
3 0.48125 0.41875 0.125 0.125
3 0.925 0.490625 0.1234375 0.128125
3 0.8234375 0.2609375 0.04375 0.0421875
3 0.865625 0.225 0.0375 0.034375
3 0.8015625 0.2140625 0.0296875 0.028125
3 0.8390625 0.190625 0.03125 0.025
3 0.7890625 0.1828125 0.0234375 0.0265625
3 0.6578125 0.1734375 0.034375 0.0375
3 0.6640625 0.1390625 0.0296875 0.0328125
3 0.6125 0.1203125 0.0296875 0.021875
3 0.6296875 0.0984375 0.021875 0.025
3 0.6703125 0.11875 0.0265625 0.025
3 0.5953125 0.590625 0.296875 0.4703125
3 0.6796875 0.284375 0.1125 0.178125
3 0.7171875 0.1546875 0.05625 0.1
3 0.9328125 0.2890625 0.0921875 0.0890625
3 0.5828125 0.2515625 0.1078125 0.128125
3 0.5703125 0.1015625 0.0453125 0.0515625
3 0.934375 0.221875 0.040625 0.03125
