3 0.4722210273162828 0.5737758340062363 0.08577324505632138 0.11073867694751698
3 0.48346416593598696 0.4801076546230874 0.08021165990702742 0.09815685633066593
3 0.6379277908099361 0.5195673952875965 0.0766496173323807 0.09185230925276536
3 0.7793668917986718 0.5439379241015526 0.10019637797604233 0.09382391233702041
3 0.7419658087430648 0.7208452974783472 0.1934871920901143 0.17816373051823947
3 0.626317937475412 0.40594522605071726 0.047246340597175515 0.050763659090609536
3 0.6954503497282281 0.40167651176453223 0.046809298022528624 0.04451365909060954
3 0.6952589616127269 0.34848332791715636 0.0383412341605581 0.035002291395857824
3 0.7435543499803294 0.3289890340856666 0.03354447351689629 0.03335797077900686
3 0.6413909164401901 0.3358100040538945 0.0413241225281606 0.0553420649348082
3 0.6948872570373655 0.28668275730030535 0.023186127723940686 0.01913182954530477
3 0.7019402863704606 0.26412196468663157 0.018498627723940685 0.01905000892845372
3 0.6475916399570865 0.3030656879012703 0.024748627723940864 0.019159103084255058
3 0.6556608660718728 0.28834466882654686 0.023513909654926123 0.023819329545304767
3 0.5344089429232936 0.3667951769442217 0.07388525025210164 0.07463753571381507
3 0.6636754618648285 0.2744048997518234 0.021623627723940865 0.01910455600635439
3 0.667783807657784 0.26039694682972414 0.01649908514929379 0.012772735389503432
3 0.6424942305542619 0.25291568343704346 0.018170845792955602 0.014362508928453721
3 0.6740173821634162 0.24955490421605026 0.014936585149293791 0.012745461850553053
3 0.9040944681458892 0.7737362926070832 0.07610331411407216 0.08403980925276536
3 0.6893420973824395 0.31005207345292957 0.014138909654926124 0.023655688311602675
