3 0.15309740284237564 0.6230903475526908 0.12918445712440044 0.1211609104104042
3 0.848092122923586 0.7211549771695227 0.20646645280546352 0.20972215244730935
3 0.48217123843669113 0.46771551890996166 0.09134449568106326 0.08938028939195171
3 0.6085835441122173 0.4626878427145419 0.09779475478036197 0.09286931043863902
3 0.47228270358065616 0.33052633205002385 0.04302810919158375 0.039866136803468066
3 0.4043034616002206 0.31035731619442114 0.03481509099298634 0.033161110495108836
3 0.3955990900701358 0.28829260039528815 0.023176684145441228 0.021586573663405863
3 0.32641829349390844 0.2868735845396854 0.02287629549649317 0.016899073663405862
3 0.2560557287190838 0.29175007131491865 0.024639054595791875 0.02011507892507769
3 0.29395624691768096 0.2833159450347943 0.02131379549649317 0.016808068401734034
3 0.20263153763381228 0.3602417370575819 0.019089961443337168 0.030688557878390376
