3 0.4796875 0.6390625 0.1421875 0.2140625
3 0.46875 0.8546875 0.1421875 0.10625
3 0.8890625 0.68125 0.1265625 0.190625
3 0.8390625 0.390625 0.1125 0.16875
3 0.1203125 0.6078125 0.1375 0.1671875
3 0.2859375 0.7546875 0.134375 0.1921875
3 0.33125 0.553125 0.1171875 0.1390625
3 0.503125 0.4859375 0.1109375 0.128125
3 0.5 0.3578125 0.0953125 0.1265625
3 0.3671875 0.3921875 0.10625 0.1265625
3 0.165625 0.4265625 0.1234375 0.140625
3 0.221875 0.2734375 0.1 0.121875
3 0.3625 0.2875 0.1 0.0984375
3 0.496875 0.2 0.09375 0.1
3 0.378125 0.1796875 0.0953125 0.1
3 0.24375 0.15 0.0984375 0.096875
3 0.1125 0.140625 0.1015625 0.0859375
3 0.084375 0.2359375 0.1265625 0.121875
3 0.375 0.1171875 0.1 0.0515625
