3 0.4609375 0.6453125 0.2234375 0.175
3 0.8640625 0.7359375 0.2703125 0.2140625
3 0.7203125 0.5640625 0.2234375 0.1796875
3 0.609375 0.465625 0.1671875 0.14375
3 0.7078125 0.384375 0.13125 0.1140625
3 0.8671875 0.3453125 0.234375 0.1109375
3 0.6625 0.3546875 0.1125 0.084375
3 0.528125 0.3953125 0.1328125 0.1
3 0.3390625 0.425 0.134375 0.128125
3 0.39375 0.515625 0.178125 0.134375
3 0.309375 0.35625 0.0890625 0.0875
3 0.265625 0.3234375 0.0921875 0.071875
3 0.2984375 0.2359375 0.06875 0.0578125
3 0.4640625 0.278125 0.1953125 0.2109375
3 0.3359375 0.2578125 0.0609375 0.0546875
