3 0.32502770988348056 0.3573280696228822 0.1991147645814763 0.18888458130638908
3 0.8312944302583094 0.31602253675656317 0.03711956677218993 0.04146145459715278
3 0.32706889766363734 0.5884689668493406 0.13984741316955063 0.1375389804327085
3 0.24626151537289917 0.49446308729031274 0.1188529515702104 0.11362870174736131
3 0.5217890496169239 0.35800413611163234 0.06289245658477523 0.06860583605604172
3 0.4689679264973857 0.3403795718070837 0.04644910266556703 0.04011716014423614
3 0.6232378893503672 0.35646177953836855 0.04001724623907634 0.03372168977951393
3 0.6514394456977156 0.33291582997520885 0.035420674452321776 0.036737587005972294
3 0.5926183751646021 0.32373954530593796 0.03537521034569906 0.03517508700597229
3 0.5308314290046681 0.319959275454306 0.03698317445232178 0.03677395459715278
3 0.7609401293212373 0.4471075761754867 0.048147994985435004 0.04484102773541672
3 0.9033094857477281 0.45666702697291744 0.05297188730530315 0.04963763050895835
3 0.7653715650563301 0.384753046540209 0.03850021034569906 0.035247822188333354
3 0.8151215124699054 0.3773230594579868 0.03372178213245362 0.03201371941479172
3 0.9022494394295094 0.3934039607685077 0.03363085391920819 0.02888871941479172
3 0.4134513638818311 0.41794022093340305 0.07047763605166182 0.06097517401194459
