3 0.621875 0.56875 0.2 0.1421875
3 0.2875 0.6109375 0.2390625 0.14375
3 0.484375 0.49375 0.1859375 0.1359375
3 0.7734375 0.4828125 0.1328125 0.1015625
3 0.9453125 0.5375 0.109375 0.1203125
3 0.9296875 0.3546875 0.140625 0.13125
3 0.1515625 0.3453125 0.1828125 0.0796875
3 0.203125 0.225 0.0734375 0.0609375
3 0.9328125 0.2765625 0.05625 0.0421875
3 0.43125 0.1453125 0.0578125 0.0484375
3 0.509375 0.125 0.06875 0.0296875
3 0.915625 0.146875 0.1671875 0.0921875
3 0.184375 0.1421875 0.2921875 0.10625
3 0.896875 0.8140625 0.090625 0.1671875
