3 0.159375 0.6796875 0.2453125 0.175
3 0.1296875 0.51875 0.2 0.1421875
3 0.146875 0.4125 0.209375 0.16875
3 0.1359375 0.2984375 0.1875 0.1171875
3 0.1375 0.21875 0.1578125 0.0890625
3 0.16875 0.1796875 0.13125 0.1046875
3 0.6734375 0.8078125 0.30625 0.13125
3 0.6578125 0.7453125 0.2609375 0.16875
3 0.6 0.6265625 0.2359375 0.19375
3 0.865625 0.5875 0.2421875 0.2
3 0.7203125 0.3984375 0.209375 0.146875
3 0.5109375 0.525 0.209375 0.146875
3 0.4765625 0.44375 0.2 0.134375
3 0.45 0.346875 0.1734375 0.125
3 0.4109375 0.29375 0.1609375 0.1328125
3 0.6578125 0.221875 0.1328125 0.1140625
3 0.3765625 0.1546875 0.11875 0.05625
