3 0.7912639295398088 0.7949822268614961 0.17610902380771343 0.19367963636243796
3 0.3761565591265 0.7424286022701809 0.16032948770335978 0.1668444009729347
3 0.20466737850653657 0.6714733997551188 0.14763859016268785 0.13381371266133185
3 0.15080605942108755 0.5439835994308071 0.12721700585373247 0.11470915665497756
3 0.414005496189371 0.5345166907439394 0.07065793364502557 0.06060230925276535
3 0.3681430294650541 0.43919450811437954 0.03769089754067201 0.0334670649348082
3 0.419614625874258 0.4244695348997407 0.03143180718159222 0.031795470779006865
3 0.7009287792686624 0.5746776351413267 0.06283634328594587 0.058903441558013546
3 0.5082822161351417 0.492416739850435 0.05496021077238851 0.04782957386326192
3 0.5646003938282388 0.5051173372526472 0.048701120413308985 0.046157979707460585
3 0.632637321521336 0.5180224861969871 0.04399543969514959 0.042951159090609536
3 0.6793623305965223 0.49305944236549715 0.03452044574527378 0.025600017856907444
3 0.9157998003459014 0.5831152467469986 0.05178066861791066 0.03840002678536116
3 0.8640691287029284 0.5533089699616374 0.04240566861791066 0.038236385551659244
3 0.9382333365484505 0.5452294630617784 0.04553066861791066 0.03829093262955983
