3 0.2550724601001177 0.7855643931112908 0.15358345792955613 0.14480769780928676
3 0.5582735057768577 0.6589553951563549 0.09932229282674854 0.08241534639736088
3 0.7009362531789678 0.6451011468057075 0.08783848960843983 0.07428459765100222
3 0.5211937588789508 0.5287079540109858 0.053168558666190434 0.046767351411925874
3 0.5167847643268326 0.49100336553118373 0.046590776735204995 0.041897994985435005
3 0.5067595543035894 0.4664436347315137 0.04470049480421991 0.03716503087881229
3 0.528454237843729 0.45846365017091983 0.03656021287323483 0.03225021034569906
3 0.505874397498655 0.43432145651826826 0.03445140965492612 0.02439224623907634
3 0.6690413969944519 0.586242972353386 0.07958894703379293 0.06780727711788863
3 0.4173910517056994 0.44583796654739816 0.04168475544788173 0.03863660266556703
3 0.3477887458895007 0.4336358317493775 0.07388525025210155 0.07543792069139794
