3 0.4128226649519172 0.6551291112746845 0.05050010517284953 0.017769302673454133
3 0.6398277826611791 0.7446439552435041 0.047920674452321774 0.03648294000636341
3 0.5933535994333687 0.7045734859166402 0.03372178213245362 0.03163180800445424
3 0.42559544959165335 0.6456086606063209 0.016034176959604095 0.01424431333545435
3 0.41786185444793367 0.7503507046069572 0.10817151583511767 0.17463746801399935
3 0.5853843235691213 0.7905746205840491 0.17346154671392994 0.21757040268936265
3 0.5129219533525771 0.6773939152610033 0.06459134890464338 0.07260225334181776
3 0.29510030436879137 0.782237598623502 0.024710494985435004 0.044022720003181706
3 0.27007757231548 0.7833097499602291 0.02631845909205772 0.045603401336727245
3 0.24186164410223468 0.7867620139640471 0.027880959092057723 0.04562158267027261
3 0.21219687615554603 0.7863262093014105 0.030960494985435093 0.044095445337363516
