3 0.4859375 0.5640625 0.075 0.10625
3 0.484375 0.4703125 0.0703125 0.09375
3 0.3265625 0.5015625 0.0671875 0.0890625
3 0.1828125 0.51875 0.090625 0.0890625
3 0.2015625 0.696875 0.175 0.16875
3 0.35 0.3890625 0.0421875 0.0484375
3 0.28125 0.38125 0.0421875 0.0421875
3 0.2875 0.328125 0.034375 0.0328125
3 0.240625 0.30625 0.0296875 0.03125
3 0.3421875 0.31875 0.0359375 0.053125
3 0.29375 0.2671875 0.021875 0.01875
3 0.2890625 0.24375 0.0171875 0.01875
3 0.3390625 0.2859375 0.0234375 0.0171875
3 0.3328125 0.2703125 0.0203125 0.0234375
3 0.4453125 0.3546875 0.065625 0.071875
3 0.3265625 0.25625 0.0203125 0.01875
3 0.3234375 0.2421875 0.015625 0.0125
3 0.35 0.2359375 0.0171875 0.0140625
3 0.31875 0.23125 0.0140625 0.0125
3 0.034375 0.740625 0.0671875 0.08125
3 0.296875 0.290625 0.0109375 0.0234375
