3 0.8031269407753042 0.7133884656245169 0.21378174063022612 0.23144915309764613
3 0.20290474785870066 0.5858091044771273 0.32233055971567515 0.3636618668015991
3 0.5480041453011768 0.5062089721832376 0.15089994554888228 0.16254866689245623
3 0.7437348018188391 0.4445698665744565 0.12254768657189175 0.12201219810012062
3 0.40529499141579295 0.3197691039113003 0.1257090480082102 0.12842597241038015
3 0.6250262293155446 0.2968992492070305 0.09434996369925486 0.1080382293077851
3 0.7538552112633679 0.31693618950523506 0.08486587939029935 0.08879690637700657
3 0.5121813165513662 0.21596243046012348 0.0832670179539809 0.08246501922187681
3 0.5343790242986927 0.16164010063194004 0.06757838544042354 0.07070864767057934
3 0.6545006267580208 0.2007579115769309 0.07070338544042372 0.07087242198083885
3 0.7560176749626226 0.21389307666036478 0.0644261143631848 0.06585737336031983
3 0.6453528857350112 0.1612040886461524 0.06123748184962743 0.05475609905006031
