3 0.6198009001034043 0.772382703729583 0.15145450668363553 0.12761825973923263
3 0.5017032387412238 0.5578644618472578 0.0899715666772721 0.07967959172016936
3 0.6411748187459964 0.5954480568138381 0.09469542934436319 0.0828864123370204
3 0.8004952747453601 0.5935424577867727 0.08370338534372693 0.07800799756436802
3 0.6879220020687241 0.5181548997518235 0.06786020934118149 0.05898526217486477
3 0.6321168973981334 0.4882804391190863 0.06927725867281787 0.04651253571381488
3 0.584242471395588 0.46869859618110093 0.07076703333863606 0.04028980925276535
3 0.10057709074631452 0.5883551623370205 0.11809656667727224 0.08017051542127547
3 0.15033109540099687 0.5009603023529065 0.07701703333863615 0.04039890340856669
3 0.7377850947246791 0.4401350397677094 0.0520352146721816 0.041525026785361165
3 0.6908373693904973 0.4330668335991993 0.05666817067154532 0.03691934740221221
3 0.7787913553866794 0.4064827885498935 0.06291817067154533 0.03702844155801355
3 0.8684896547183157 0.395551017039538 0.0534886266709087 0.03217730032431163
3 0.8979231633911336 0.4413680775101193 0.048837489337999786 0.03522047970746058
