3 0.4921566107574503 0.629210815133294 0.04578521467218159 0.04432382697140156
3 0.4161208220878141 0.613521784378569 0.04573067067154533 0.039636326971401556
3 0.44917822274822344 0.5646858005894264 0.031540901336727246 0.027550915152690793
3 0.5083623187459964 0.5434328117993141 0.026798857336090796 0.022480777879787084
3 0.47612198341022366 0.5280787498308221 0.020494313335454352 0.017283094849248927
3 0.5463799394095874 0.517651690737268 0.018931813335454527 0.017155549091614476
3 0.530536763407042 0.5001771483136134 0.015788632001908987 0.015337957576345217
3 0.5084526780712695 0.4839940389204969 0.009447725334181811 0.007015274545807237
3 0.9192730940881322 0.5747958004202486 0.07545453333863605 0.04518469636645772
3 0.7459441347469509 0.5310771066388649 0.04251476400381797 0.0315687354561323
3 0.6931731234086329 0.4986311395196218 0.01733295066836362 0.013903003333980025
3 0.6273208567393148 0.48445681134027224 0.015752269334818082 0.012212957576345218
