3 0.6983420691264601 0.4332768487467743 0.11800985376405215 0.10152269072219049
3 0.8306213754385201 0.5557991530816679 0.17467103064607842 0.15218853558899426
3 0.8527470903438173 0.7210275636520717 0.23066104547482597 0.22466571345960346
3 0.6241538581383145 0.6461071125869388 0.17750687056996634 0.18350220258518862
3 0.6364589040702511 0.8226550251345088 0.22292284684397004 0.07303954646340927
3 0.5546530775294171 0.39935412939285275 0.10018568380210838 0.08519735376405232
3 0.6677698428524563 0.3222093561611481 0.0758568458553869 0.06236734882113648
3 0.5479348453239142 0.3153929648681163 0.07110567885919253 0.06061384783255317
3 0.6170005217116488 0.2665615340317574 0.0597225098858317 0.04923067885919252
3 0.5385863616355366 0.23855855083767138 0.04703150889724857 0.04403384288963732
3 0.5982478631184114 0.22910795498228453 0.053026840912470875 0.03803851087441492
3 0.529958119544202 0.20147238631293493 0.04046317391627667 0.03596667490485981
3 0.5939569525480076 0.2004245394689649 0.043588173916276673 0.036094008897248564
3 0.5326029584795067 0.17484621931674055 0.037019838935304604 0.028026840912471006
3 0.3286065947924416 0.7213259243733872 0.21244955634924095 0.27540054250907653
3 0.14470378007742474 0.6406847139167141 0.20097354547482604 0.2234560405319101
3 0.02307410817549551 0.6478180760837233 0.04614821635099102 0.19186384783255334
3 0.39135062840426954 0.559658912510389 0.1494455375661606 0.18391869665368965
3 0.2357173937273087 0.49346486262411987 0.13497186068413444 0.13497186068413464
3 0.07198645205371604 0.5176238987074055 0.14397290410743208 0.13911553262324466
3 0.14593199353702832 0.41912804889768607 0.129393022737413 0.11290585969555131
3 0.0865370888981236 0.36461164524736456 0.11105951680591397 0.08408052273741298
3 0.2814065785180003 0.4058083537268713 0.11564885771838504 0.12014535672980173
3 0.4157179115218058 0.40189549205415354 0.09588018577927464 0.09438135277546919
3 0.39992181517212744 0.46415541152180584 0.11644735376405224 0.10145902372599629
3 0.20557359038099837 0.3527417035365908 0.10270318874502422 0.10869852076024662
3 0.26169359779537216 0.3153571086697871 0.0649193458553869 0.061921679847775656
3 0.3290747573771927 0.3461495108372339 0.08006418479069151 0.08905718281352523
3 0.4210075893924152 0.34864315806176477 0.08242518083635879 0.07043451680591399
3 0.43851076578014975 0.3019127380998209 0.06711851581733086 0.07761034684397003
3 0.3729931951336338 0.24452600243427688 0.09865235870696817 0.12413251977166348
3 0.2433693621298282 0.24824786311841138 0.06115767589344294 0.0461693458553869
3 0.2840288542211628 0.2840288542211628 0.06147601087441492 0.0539818458553869
3 0.2798944525480076 0.21322160570403756 0.04840300790866543 0.039410009885831786
3 0.3098830414833123 0.18548126627444134 0.04521434091247105 0.03772017589344294
