3 0.49318612743068907 0.6502819018792019 0.1491035219140972 0.2205696859797918
3 0.48993226257531114 0.8665244977188893 0.14565914772652383 0.11272081838861112
3 0.9039560320570716 0.694984644564098 0.13304214529089187 0.1952060100679862
3 0.8434280405817838 0.40384984507718824 0.11862508928453722 0.17456620174736132
3 0.1325935008074836 0.6168991721120834 0.14359781574558705 0.17358558320625014
3 0.30386630316039004 0.7653581219595835 0.14090919236879246 0.1985128480238892
3 0.34174062986632103 0.5639781131258683 0.12276711850553053 0.14342530452090294
3 0.5116070706135558 0.4976478643601393 0.11476370373287814 0.132305966565
3 0.5039018904196279 0.36939557779100735 0.09911143019392785 0.1303797906531945
3 0.3725115685849609 0.40304126633625026 0.11161143019392786 0.13067073138263902
3 0.171603633519769 0.4358498470739585 0.12904439204448095 0.14513327488562505
3 0.2228234399331605 0.2831982789696877 0.1021546095770769 0.12576502583555565
3 0.36365299147528807 0.2981901121759378 0.10330800649282175 0.10236389342673621
3 0.4948972629856435 0.2114376074262851 0.09708528003177222 0.10378092306201392
3 0.37583361728771464 0.1907049204965628 0.09708528003177204 0.10378092306201396
3 0.24020008035608367 0.16021537385944465 0.10171823295387146 0.10076502583555565
3 0.10882734943080714 0.15012924620027784 0.10465231818121908 0.08990026101791679
3 0.08392853530677787 0.2448234971502084 0.13027960957707685 0.12641964247680565
3 0.370055175729701 0.12809581772302114 0.10405230032431163 0.05552526101791675
