3 0.24499161768808975 0.6270263245869221 0.106905923062014 0.09896826805616729
3 0.3163035732351731 0.620133973042976 0.07194904160312507 0.07276786660488846
3 0.4143780505337495 0.6055754544386545 0.10825021751493065 0.08964783175849825
3 0.474043991263194 0.595148875127227 0.07049564437666689 0.07740080290255769
3 0.34773541119107587 0.6134127470895931 0.05610583605604171 0.06284722958158007
3 0.5330014171749996 0.5815700139646341 0.07808993882958326 0.06829862141421188
3 0.5745349537441314 0.5775472020764019 0.04335126291777787 0.05147321996293321
3 0.6250622838162496 0.5566369905509891 0.06842399810013902 0.055471239200226743
3 0.8318941652751384 0.5388393992586622 0.0652262629177777 0.052237111795565026
3 0.832512414325208 0.5122768992586622 0.04774782218833344 0.039136911069925694
