3 0.1234375 0.6984375 0.2390625 0.28125
3 0.3203125 0.4359375 0.1078125 0.109375
3 0.7046875 0.496875 0.1109375 0.1109375
3 0.8265625 0.446875 0.1 0.1203125
3 0.953125 0.453125 0.09375 0.109375
3 0.6171875 0.3 0.0390625 0.0390625
3 0.6515625 0.26875 0.0359375 0.03125
3 0.7140625 0.265625 0.0359375 0.034375
3 0.596875 0.25625 0.025 0.025
3 0.63125 0.2390625 0.0265625 0.0234375
3 0.5859375 0.2296875 0.0234375 0.025
3 0.471875 0.2234375 0.034375 0.0328125
3 0.478125 0.19375 0.028125 0.025
3 0.4328125 0.1765625 0.028125 0.021875
3 0.7125 0.325 0.08125 0.0703125
3 0.5265625 0.2078125 0.0484375 0.0890625
3 0.496875 0.321875 0.0921875 0.1546875
3 0.4078125 0.2890625 0.103125 0.1265625
3 0.4109375 0.6515625 0.2671875 0.309375
