3 0.3943650954407678 0.8251030555611567 0.1584863040260897 0.20585760367592557
3 0.15184124077017705 0.775008144863472 0.16282835868872625 0.17658020678620331
3 0.8458174127545869 0.7209963562213411 0.13286813868554467 0.15054538708777762
3 0.7067709047183157 0.44191586602328564 0.0742738413430903 0.07829994872768502
3 0.5958430427275426 0.5001104918949989 0.11093859468490823 0.14394407257314795
3 0.42826464405631554 0.4518897309617584 0.08384883601209037 0.09630765494824053
3 0.5593680987030438 0.31663431908629525 0.05857611600890866 0.07068293836009243
3 0.38511243869349876 0.2311480040060178 0.04111589600572696 0.045741726955740705
3 0.6246374680139993 0.15766871366694324 0.031649989337999784 0.03710902073518509
3 0.572502803349772 0.17105797893550817 0.03159544533736351 0.03242152073518514
3 0.5131096220162265 0.16430083953865643 0.030032945337363514 0.03228481969842587
3 0.4689596326782267 0.12609821050939723 0.03955339600572714 0.04560502591898139
