3 0.15722110577897772 0.22299160560009468 0.1632181383672898 0.13670225879399167
3 0.16514775614832006 0.06851139969073924 0.09728406615858276 0.07822033697334119
3 0.33031369301479935 0.1338977993814785 0.1365738251355733 0.12047148091420459
3 0.4051364310127468 0.15824435301502082 0.12084883118569749 0.10200852333785919
3 0.7479233738311545 0.1614980592142403 0.11298178903121983 0.09199579454968654
3 0.6068898285534188 0.10897845028016576 0.08941702400410509 0.06820760818516854
3 0.4953074339396131 0.09466047195103502 0.09891019867214013 0.08928538273097572
3 0.3433272983027978 0.04459618332040223 0.06905907220870704 0.05873701333591956
3 0.4291511688143025 0.05711241665050278 0.07225679508134383 0.07149210485118862
3 0.534869903688992 0.01800147453610888 0.07688066256778665 0.03600294907221776
3 0.74303640681225 0.06194446936596119 0.06910452400410509 0.06654951333591956
3 0.6476830001963917 0.07675601058166784 0.0706761143631848 0.06823955909355406
3 0.7033562832756831 0.03707188618564183 0.06121021077238851 0.05184928454774688
3 0.8258170905554714 0.06065329421133081 0.07066702400410492 0.0666770590935541
3 0.5070347534178457 0.22645260588995875 0.21399990924813678 0.27515872303829686
3 0.796329578455223 0.035332882561797854 0.10981133723582168 0.07066576512359571
3 0.27690286758463856 0.05314187801986997 0.10836701190385671 0.10411315727678294
3 0.2734137323406067 0.25020819665632177 0.06461701190385671 0.10054187606301594
3 0.6715426810127468 0.13649780133833253 0.034729524004105096 0.06374350666795978
3 0.4063944039835796 0.21046055725738627 0.04261474687674198 0.07688123545613249
