3 0.1498469732540129 0.702093451034974 0.17142655933798817 0.08911281203728053
3 0.8914774435850188 0.6073949964522931 0.18368976099766207 0.08693500539858476
3 0.9757513582027677 0.582878403296126 0.04849728359446459 0.05975535352912935
3 0.5403409960745297 0.629288110153892 0.12239706348717298 0.07762993776222675
3 0.7383640989789592 0.6087826655431879 0.10246307178554286 0.06058414772027056
3 0.8131030672353727 0.5685469066201183 0.07014747925407576 0.044153664317009955
3 0.7173878255337425 0.5600850564149813 0.08674298340326062 0.03764355518880329
3 0.7538338883962155 0.5329655267459871 0.05142079004195636 0.0225387734452168
3 0.9084155672353728 0.5613245572401737 0.0695554834032606 0.036341164317009955
3 0.9546985713845576 0.549960082135283 0.036387785892771515 0.02916728174358667
3 0.9819596417085968 0.541046100806615 0.03608071658280636 0.03648287427505377
3 0.9218734933752373 0.5108034163683806 0.07220688672260848 0.030327962657336015
