3 0.4715264847628592 0.6816106899142967 0.2538715293602715 0.2130893471291678
3 0.6204532387412238 0.5134536821629633 0.17848972135581712 0.175908594568919
3 0.8777748427354968 0.45625031398710825 0.2176794906906352 0.18912122611071513
3 0.4006663553866794 0.36989891616618625 0.12153064934754472 0.11169490514873229
3 0.4278004727084526 0.283104571456093 0.10250792934436319 0.08716534200867017
3 0.12655669338795203 0.3952453395895958 0.1325772373488175 0.12170694198043534
3 0.048857860041361736 0.30204834741151637 0.08068747334499946 0.09057876834526431
3 0.14753117003499838 0.24939451329535398 0.09929202267663592 0.07917083148532651
3 0.31469139803468027 0.2373132002964661 0.09146134134309047 0.07715330517696728
3 0.17668232069540774 0.20157166332358883 0.08813634667409058 0.05978379465362353
3 0.6887016100413618 0.26478169275689417 0.09921929734245402 0.0729208314853265
3 0.8950334260423162 0.2598002482162101 0.11337270401018137 0.08155237884037314
3 0.9386914246896808 0.3337235956277265 0.12261715062063842 0.10580892619541978
3 0.7809794693666349 0.19999187968741916 0.11482611600890866 0.07226838410204497
3 0.4848584473663166 0.21489362677423457 0.07561816534054522 0.05749325256024873
3 0.6080141366963623 0.1834854611021585 0.08326703333863605 0.043885778868607964
3 0.4032993646960441 0.1930634003811707 0.08339430267345431 0.05482327886860801
3 0.523648227363135 0.18918099523243834 0.07552725867281787 0.04968075256024877
