3 0.6471077885498934 0.7299135589951664 0.1349943831160271 0.13428715471124733
3 0.8910487033225458 0.7238063985839357 0.2125114569792892 0.1943284262506726
3 0.23394926947517 0.7658442492436953 0.0988659683433748 0.12083665990702759
3 0.23480661160237645 0.6805241082782028 0.08743754464226869 0.09194683540139544
3 0.44241060592033354 0.6988595729930228 0.11122960064862326 0.11389824505632155
3 0.49841336972005124 0.5463247988557078 0.07924321509696383 0.06952553218308673
3 0.5829775101429744 0.41682333313248154 0.057122753246410876 0.05393338317182241
3 0.06616788554836389 0.5194494865063467 0.05745003571381495 0.07268338317182241
3 0.40935877799988185 0.46338089490076495 0.056986385551659066 0.04612088317182241
3 0.36098373335761325 0.380721214210617 0.0411159237011061 0.030965776735205085
3 0.3180246659871731 0.42909301223314567 0.04593979139585782 0.039106058666190435
3 0.26602578936396765 0.4076986134739829 0.042651150162155815 0.02951253737886681
3 0.24773943952612343 0.43557224119792365 0.036455697240056484 0.032200494804219916
3 0.1558422658250173 0.41383898885213516 0.03952615016215577 0.029294016091543362
3 0.03106440827653533 0.39049396002324305 0.0363466030842551 0.025950494804219914
3 0.07422407304918772 0.3984267923225454 0.03163182954530477 0.024060212873234656
3 0.4613246525944925 0.39325978301626596 0.050572744317956976 0.03630884059717552
