3 0.5382417224520145 0.809739423664287 0.18721297853284752 0.20291520290907386
3 0.7567540266885769 0.7490899566572734 0.17245949430041668 0.1721621103776066
3 0.9004267190335419 0.5221158274078421 0.08274107123840295 0.07021925684847723
3 0.5516463397588547 0.6150072641211618 0.12936280452090293 0.12990283278320494
3 0.5598751074262852 0.5329643587272214 0.10359908510611113 0.09519594606059663
3 0.4347289838511809 0.483707874699261 0.09404224715020834 0.08667305103961845
3 0.4616902209334032 0.43583905976219545 0.07645470364722229 0.06818316016782511
3 0.3511755207046533 0.6801433215850501 0.16090374525034737 0.14477081618646537
3 0.5712093848773614 0.38330790084377014 0.06206489532659738 0.05305506763635792
3 0.6011319677992711 0.3286446342470306 0.04782055737069442 0.044176975104890735
3 0.49337401918604196 0.32281884150578194 0.06210126291777769 0.054617567636358014
