3 0.8046875 0.25625 0.0671875 0.1171875
3 0.49375 0.196875 0.084375 0.109375
3 0.6421875 0.2921875 0.0875 0.1171875
3 0.696875 0.3828125 0.06875 0.1140625
3 0.6421875 0.5859375 0.08125 0.1125
3 0.5578125 0.471875 0.0921875 0.1296875
3 0.3921875 0.39375 0.096875 0.125
3 0.340625 0.31875 0.096875 0.121875
3 0.2484375 0.540625 0.0875 0.1140625
3 0.3171875 0.5921875 0.084375 0.1125
3 0.471875 0.640625 0.1 0.140625
3 0.5640625 0.7359375 0.0921875 0.121875
3 0.384375 0.8140625 0.103125 0.121875
3 0.24375 0.725 0.0796875 0.1109375
3 0.15625 0.728125 0.0921875 0.121875
3 0.1859375 0.8359375 0.084375 0.0765625
3 0.0875 0.8484375 0.06875 0.053125
