3 0.9447866681617377 0.5543917460755677 0.11042666367652458 0.11130998924663302
3 0.25948953612583125 0.7430821042193917 0.1935973525320139 0.11342045285270289
3 0.15240507821920604 0.7606035521096959 0.09931673151356132 0.0731892510334573
3 0.5906569651638485 0.6320866763880794 0.13174979991529537 0.09495724317557439
3 0.400372870383168 0.6871680903656527 0.11034523677523325 0.07526117328319834
3 0.31683232828979324 0.6785251445422633 0.07487817363517105 0.05491013192686935
3 0.4012304441171611 0.6346424038478882 0.09013915258848364 0.04938787799792799
3 0.35744264676211446 0.6225812055432993 0.05476309471009326 0.030599336641598994
3 0.22605540984570688 0.7070375963615089 0.07286064732681181 0.04702485731976367
3 0.1786721756307224 0.7139447218782375 0.039320105233436965 0.03299659057054054
3 0.1429166861540661 0.7187435378416722 0.055491136803468066 0.04309933664159917
3 0.19386526514973101 0.66545156389652 0.07562162628012441 0.0409204065339754
