3 0.29183437019250114 0.8270982163805826 0.14561347241038014 0.13391152991878955
3 0.36558837347186146 0.6938165445736425 0.10310506784239584 0.09537066162790708
3 0.34410511985381687 0.5979929048449604 0.06865482473980081 0.06201794108527139
3 0.35587810153645116 0.5384479241232919 0.06059666327441153 0.05682979333702498
3 0.3055638410210016 0.47582681061277154 0.05977114767057934 0.07079216378737563
3 0.3611554217536962 0.4746159616002206 0.06108798620519007 0.06620479333702481
3 0.9081278397778061 0.558250768050939 0.1837443204443879 0.266542359653009
3 0.751408607529345 0.45744613896271497 0.13187852103089917 0.13926036397194572
3 0.6714820901164904 0.42807761644518105 0.07498006784239593 0.09356832973421944
3 0.5393523428300239 0.509445137264672 0.12291295680654794 0.1464720866740498
3 0.6859351729968917 0.703858866445181 0.14758540818602892 0.1418241594684389
3 0.4515380823145744 0.44922713294573524 0.0309976944820761 0.026902461443336988
3 0.4654434520568495 0.4154133374492421 0.024583920171816587 0.023376943244739934
3 0.4324638557203226 0.42928487276670246 0.024583920171816587 0.023376943244739934
