3 0.42405264868663217 0.7466691987189522 0.19599633197589003 0.253689716024817
3 0.5214588359326189 0.5791555294000423 0.19903280076822566 0.28183289735836253
3 0.5703489580497434 0.39468107940799657 0.16278104025277607 0.21582608935390812
3 0.6256771879233554 0.2883589014162689 0.14641905585660825 0.20158177601845367
3 0.7198842113291037 0.26837421276254103 0.14650094301173802 0.2031442760184537
3 0.5252910063315781 0.1755401807367695 0.21995173111680727 0.14466016136218052
3 0.3117352758921392 0.4806800247055891 0.3519873824054313 0.31015898671227066
3 0.2215241129564119 0.6514005100254534 0.3882457869734156 0.34649647605027045
3 0.6634703527796466 0.8158208300843143 0.36761902645796596 0.2806714813812704
3 0.7758154652858325 0.5907037461011772 0.36209936680159915 0.3243305747135434
3 0.8320633067611194 0.2337639501113585 0.17695200361804453 0.09887494668999892
