3 0.5546875 0.84375 0.2578125 0.203125
3 0.1578125 0.803125 0.2375 0.2125
3 0.703125 0.6 0.2078125 0.15625
3 0.690625 0.2953125 0.0890625 0.065625
3 0.8296875 0.359375 0.1140625 0.071875
3 0.571875 0.4625 0.159375 0.134375
3 0.4421875 0.378125 0.1203125 0.09375
3 0.1 0.4125 0.1203125 0.1
3 0.078125 0.35 0.103125 0.0828125
3 0.2453125 0.3703125 0.1046875 0.09375
3 0.365625 0.3125 0.1 0.0859375
3 0.2953125 0.290625 0.078125 0.0640625
3 0.2375 0.2671875 0.0734375 0.05625
3 0.1234375 0.2796875 0.0796875 0.0671875
