3 0.5868924641421194 0.811350154111981 0.18770836424263582 0.24435526212797143
3 0.39772578202080144 0.6813922318322885 0.16537700725639412 0.1848846672787225
3 0.4510094947273404 0.5564239248647663 0.11777283175849824 0.11556084030732112
3 0.7486583102437698 0.6251250959365107 0.1130307680561673 0.11361570303441759
3 0.7883730854715132 0.580067558513826 0.08850199400955035 0.08045251666989942
3 0.6046577951828274 0.4723672735070371 0.04823909255827132 0.04288887272903601
3 0.2520536395551973 0.5253818636451804 0.1381398954608291 0.11878143515657005
3 0.39392119182478275 0.4832098233475575 0.07583830290255769 0.0747446506088231
3 0.29929817258748903 0.4505570778894855 0.0887202488188736 0.08670251666989941
3 0.5487153300292176 0.4319656719898283 0.0386458377489479 0.03587359818322895
3 0.48957594300590906 0.41155770607853326 0.03541171034428636 0.03249350666795969
