3 0.9016392387707846 0.7140799734108367 0.13743835779368574 0.1100689849563052
3 0.5495622573278104 0.5811133268678266 0.09066977360693614 0.08375052586424729
3 0.44901549673387964 0.6552531720115462 0.08534523677523324 0.0726766335443795
3 0.2155534654461971 0.3552772187254762 0.03096157366340595 0.022738818025830908
3 0.13005631022687758 0.3115930663764783 0.021313557878390333 0.017778533386094787
3 0.02647628391851834 0.30678119741357524 0.016353042093374792 0.012954641066226813
3 0.053645728670963934 0.289556593494367 0.013046031570031102 0.009738712852981469
3 0.07694672077845614 0.2865308818950268 0.01313703683170293 0.011301212852981468
3 0.049238949731768754 0.2810765037609237 0.011483531570031102 0.00969324874635875
3 0.07111394973176877 0.28044000626820614 0.014699536831702931 0.011346676959604096
3 0.06266441290006582 0.26972982680131957 0.009830026308359252 0.008085284639736123
3 0.020886436577589134 0.27798860768013195 0.009921031570031092 0.009647784639736123
