3 0.4940338615103477 0.6192202448251299 0.21482883225631966 0.1831713879720084
3 0.8728498457427782 0.6775603440045816 0.20236519984750032 0.18378669461070415
3 0.8104206212939935 0.5753457259533052 0.16268445079743046 0.1542642153566284
3 0.9160153514423616 0.5217373191094724 0.16384690729444457 0.13719511452679142
3 0.5777906124602783 0.5990513000139333 0.17227765634451409 0.1643496103776066
3 0.3854732130496184 0.44488125042420723 0.08557643692972228 0.12502515601864025
3 0.2072417231176046 0.5608344466852965 0.20814372758291685 0.23101689212119308
3 0.7477160270698266 0.32727415624235484 0.10497974715020834 0.08750184523075966
3 0.8337827732701044 0.4398585118460767 0.06184799620027803 0.1107491684661948
3 0.39213817429628495 0.29565084503026695 0.05061955547083343 0.09742037427505376
3 0.4876110624046876 0.14223169233561894 0.021330792553055568 0.04528918921211931
3 0.2133975380877434 0.3897290412913561 0.30778266451263914 0.35710764067130063
3 0.6299459924005557 0.2598596680652096 0.08924564437666671 0.08163035352912935
3 0.5950449687492017 0.30166773715146 0.10032861474138902 0.08870914772027057
3 0.6018008489738195 0.1563435817575197 0.04774782218833344 0.04105197510489074
3 0.7060175299196182 0.24456747740319776 0.07013196846486132 0.06458456348717298
3 0.1576534183123613 0.23966891909089486 0.13790134992375008 0.09467572780418312
3 0.3296193372903127 0.2565990778088275 0.08761040919430556 0.07838695435896632
3 0.5695585787409378 0.513421453333281 0.1874298776591667 0.14522110207923689
