3 0.5618215607696551 0.6234696609002897 0.13086567550756775 0.1932093413771451
3 0.28807198257659505 0.5527405317663474 0.12547726866002265 0.18210815027015242
3 0.7683009006829072 0.5640326295972784 0.10682739820967199 0.18301588584218215
3 0.7139428701458088 0.51214523658352 0.09458821406423076 0.16232143992586606
3 0.6177280066352886 0.4687350316815294 0.09917558451458142 0.16092263103285873
3 0.5550382395164254 0.49820676607243275 0.09837454811738695 0.14842263103285874
3 0.42875514420450234 0.44961055336589373 0.10396321406423077 0.16264882213985138
3 0.4460403786267987 0.3258456711519087 0.08068640036914018 0.1400099303072194
3 0.30553649213731904 0.377522276957024 0.08733691856773759 0.14647818511654281
3 0.15784186690660637 0.46842507386913185 0.1152011027131787 0.16771826805616746
3 0.14755281385197402 0.3370485882971021 0.09591088217054296 0.13430556733052795
3 0.10582399367847853 0.23405256306935868 0.08084708667404979 0.11818949400955026
