3 0.28170092022171317 0.7614463263472175 0.2715571977900975 0.3035284636295392
3 0.5987298830949479 0.770680306649378 0.2601826552154506 0.29651363912390705
3 0.6225997997872394 0.5170036495923419 0.1933450804577168 0.20787747402109957
3 0.35788173592526895 0.5260936983711751 0.20482888367602553 0.21645479852673155
3 0.8580902774915098 0.20220990403181743 0.09722419728589457 0.14518109604505716
3 0.6193223444555732 0.3578635963740333 0.17208208565349709 0.17062884629715871
3 0.41448202514572124 0.3250832194063971 0.19036219209011432 0.18745571337743777
3 0.27966499271053297 0.18220694057750503 0.15605289406758568 0.14152050050420312
3 0.4664055220436281 0.19191580430358945 0.1510376121366006 0.1365052185732179
3 0.6164872855372814 0.23873118412121724 0.1374450056999832 0.12000613342392405
3 0.6331506256302539 0.1402172744662912 0.12294546312533612 0.11277278763096836
3 0.427458364482389 0.022044972760591797 0.10491672896477802 0.044089945521183595
3 0.26824725544788164 0.029906385265509417 0.10211951089576328 0.059812770531018834
