3 0.8134065815799207 0.7355578198081976 0.3470285009228508 0.35320653417751763
3 0.5637525308416402 0.4673092396416657 0.2169428778516064 0.22153533386094856
3 0.29508977328350106 0.623058100620503 0.28410939389073525 0.27183686223247855
3 0.3863098488556674 0.4098557554767833 0.1603739003691403 0.14191001834239997
3 0.7762048611941685 0.33824255060786773 0.19140265730897071 0.18804087226160834
3 0.5639470882152093 0.2504938126820616 0.13341088217054314 0.1348871285298145
3 0.5683959538851979 0.16113579598901417 0.129685104872647 0.12542120031656911
3 0.7290528516334446 0.16428822506018936 0.13895997532299767 0.12413148495630519
3 0.7461785973145079 0.24832224426051924 0.16582286397194573 0.12959187476889075
3 0.5687580968530825 0.0812891716158348 0.11482156847545255 0.11251202335696497
3 0.6810182649593948 0.051465419702119444 0.11129605027685514 0.10293083940423889
3 0.45815126387966065 0.07746314113273381 0.08821949568106327 0.0867845976510021
3 0.39467665406976804 0.23506870414399983 0.2393580983942421 0.25493886724704334
