3 0.15676147241007699 0.39077040041956285 0.08848815727678297 0.1138508576783142
3 0.4356040784692136 0.4512039506339887 0.13903003333979883 0.1813469336130419
3 0.7687682963373627 0.7610114614311582 0.21463581121958591 0.213474194610704
3 0.4434495608812302 0.7788087323775752 0.1924420757634536 0.16986590456874778
3 0.10944148057584883 0.8163857070582587 0.20258235030926075 0.17995129958972597
3 0.027312895064222437 0.6770962188811134 0.05462579012844487 0.12573555103961845
3 0.2039720858860794 0.6309586151514914 0.14875597758022466 0.12928752614450917
3 0.43723099603780036 0.643131341505782 0.14250597758022465 0.12881392946385706
3 0.6508789078565111 0.6451711286479533 0.16278652667183913 0.14898471950581324
3 0.6176675372535069 0.5609019498087962 0.13354556576151388 0.1141594336130419
3 0.572546226952005 0.5166065755337425 0.12531847758022466 0.1275115385920639
3 0.6229923792278179 0.4378905022983071 0.12295875212603188 0.13664974025173784
3 0.510651875893838 0.4466716612167323 0.08099465060882309 0.07912066016782511
3 0.24320967119243067 0.5451045481398333 0.11183006242753395 0.09543274440092268
3 0.0565219050661621 0.5688227002097814 0.1130438101323242 0.11236013527271602
3 0.02388468377944418 0.49225927759440163 0.04776936755888836 0.08764355518880329
3 0.1314110439214667 0.4894680095477696 0.10012728788172676 0.08522895020978147
3 0.037373163401111825 0.46567346680652094 0.07474632680222365 0.08054145020978147
3 0.06090696740910715 0.4094477002097815 0.07490414727484326 0.06157796265733602
3 0.27989621240813733 0.4519824327878494 0.07372428454774686 0.06614706348717299
3 0.2878680801362036 0.4313622794685014 0.07984673879011232 0.0650581601678251
3 0.17871634968104094 0.4395989867272528 0.07710437606301594 0.06950886182749905
3 0.20913704438050867 0.3750871234498611 0.06460437606301594 0.0685616684661949
3 0.27198785968298056 0.39478523942654514 0.05876896424430509 0.05414397095570589
3 0.06082709013814321 0.3622767022843739 0.05707891848667059 0.05246307178554286
3 0.10370011635094037 0.347445530293694 0.04875623545613248 0.04562107593472771
3 0.11234179271351874 0.37639932448483515 0.049138872729036054 0.050308575934727706
3 0.9307890327115791 0.49029898757566726 0.07264001666989942 0.09091026514684693
3 0.8314744299864223 0.4261754427598262 0.09180460485118865 0.07838695435896632
3 0.8213338975647074 0.35780395105819596 0.07152405575957417 0.058216164317010044
3 0.7517706966563218 0.3336667888157784 0.05851387272903601 0.051018970955705886
3 0.8923159483233117 0.335669764545369 0.06591178454774678 0.06555506763635802
3 0.5190700248356712 0.3820647095570584 0.07177914727484343 0.06134116431701005
3 0.3128200248356713 0.36643601909553924 0.05395391848667064 0.0522262734452168
3 0.8103961396887996 0.2799390601864027 0.055133781213766754 0.04765717261537983
3 0.25900988543673575 0.4959925419160561 0.10363492515463033 0.09015324855010753
3 0.4315866449796335 0.5774587973146408 0.12302265394280312 0.0993865385920639
3 0.42701058634512135 0.5275888518787442 0.11119233363936125 0.08762024440092268
3 0.2596311230189001 0.3246736489696704 0.05653678454774695 0.06484467261537982
3 0.20867452983664111 0.3326036255244536 0.04824605242559432 0.0393710759347277
3 0.17364582559427566 0.32837714419578556 0.0416134151526907 0.03420997925407558
