3 0.8224485215407975 0.5679019193337047 0.24261024715740262 0.23659404379845023
3 0.3767888690934883 0.7338159045311934 0.3550794260542455 0.2967281122739026
3 0.5577258688817268 0.5219235811184955 0.24713114718563745 0.20730706199704746
3 0.32699951364828983 0.5385046020948698 0.2590851156156064 0.19873309839424208
3 0.11842283976606369 0.7592119185677376 0.23684567953212737 0.28683387569213786
3 0.08560575810426928 0.5492769116279073 0.17121151620853856 0.21730382325581452
3 0.8705352239739895 0.36161114897563906 0.15157645250377882 0.1435869185677375
3 0.8663321133377062 0.24528524212809383 0.17169153142885668 0.16822597316352939
3 0.6444354555581379 0.3526111790513122 0.20614212613895014 0.19845369370616517
3 0.7112960028425974 0.26828504626246036 0.11372784200867017 0.1084714389258032
3 0.524926592361606 0.3041760741786651 0.1969491366622938 0.20097791640826923
3 0.6006161080760345 0.2298257186877092 0.11934080517696728 0.09793445712440044
3 0.4809938528143626 0.22372830813953612 0.10216871572854576 0.07037066162790725
3 0.2603250370434645 0.22919135641380653 0.1012586631118273 0.05474566162790726
3 0.1440630002117615 0.23271926973975673 0.10236613680346807 0.04703329117755661
3 0.02981776066451804 0.3547969239664084 0.05963552132903608 0.12834384793281678
