3 0.4730884898288824 0.5000836412558508 0.3095009985021878 0.4720155573378241
3 0.08562726802277948 0.487794477262587 0.17125453604555896 0.1922060405319101
3 0.6348541346878298 0.21629227859454997 0.10242311151914833 0.11007001977166349
3 0.5147964683271911 0.14176180528629567 0.07279951333591939 0.07148768083635884
3 0.3147326954483738 0.1506924307991778 0.09097542848861026 0.10337435079830275
3 0.5140149604512833 0.06548580676917044 0.05031873545613248 0.04409750988583174
3 0.03032561560203433 0.2491895750951402 0.06065123120406866 0.07662084980971962
3 0.13986024120600832 0.15626063437294962 0.0664539184866706 0.05098417984777566
3 0.09076903696364287 0.15670364475307297 0.06450878121376698 0.04623301285158128
3 0.0320633943153164 0.17080990711036265 0.0641267886306328 0.04317167984777566
3 0.0022802349970905003 0.17464983152093083 0.004560469994181001 0.04132533695813834
3 0.1942287478739681 0.11978462349853472 0.0610011439408634 0.04141817885919248
