3 0.22706104985492193 0.9004469634596035 0.1303329154946528 0.11622186068413427
3 0.5522332457965875 0.8090340321661342 0.10687723477649361 0.11214185574121842
3 0.7110804840891225 0.5905598992760593 0.10841246369925486 0.10751802273741298
3 0.6619339360809124 0.46671122239403323 0.08645565046753827 0.09256418479069169
3 0.26597303804926115 0.7419142218625605 0.10992042154477702 0.09820668973360754
3 0.3558299027070334 0.6135756576418353 0.1067863311856974 0.0965168557412186
3 0.4035628998783631 0.49445558452386146 0.0926329275949012 0.0803188527754692
3 0.4708862343837101 0.3862875988583175 0.0895079275949012 0.08019151878308035
3 0.5622874183233233 0.25488770163378655 0.0784795240041051 0.06412084980971962
3 0.885583496876742 0.10950485334412279 0.06756020472226432 0.06680018083635879
3 0.7965300872358216 0.10743833456104249 0.06443520472226431 0.06667284684397004
3 0.13217020979042987 0.7005331936879401 0.10828519867214012 0.08564302273741298
3 0.16081738455666078 0.6571797831175363 0.15207156010845863 0.09367569863085592
3 0.18398217378427226 0.6112597880604522 0.15364315046753818 0.09530186562705048
3 0.2001020774732643 0.5627095415204934 0.13010565651766237 0.07715936068413445
3 0.23118390583029136 0.5350766314443811 0.1395261083130605 0.08535386266130089
3 0.25831403239192036 0.49947205387778304 0.13953519867214012 0.0869163626613009
3 0.28778790895354933 0.4639629768054764 0.12543633723582168 0.08009335969555131
3 0.3133555355151783 0.4282947322426839 0.13166815651766245 0.07722302768032882
3 0.4410891291939077 0.2319847594287212 0.12695338544042353 0.0723445266917457
3 0.41403172550491557 0.28008933699531935 0.11602497579950324 0.07346135771838505
3 0.32725895423128504 0.40152398520843346 0.1331852047222643 0.06947419467652338
