3 0.7971320967712845 0.627267854860834 0.12689644789030421 0.11064917211208343
3 0.5155396484666955 0.6636358870615628 0.11141699710451576 0.11341049620027785
3 0.31514585028594105 0.75105923261691 0.2408605562435251 0.2787471683123613
3 0.21275494271850842 0.5801089933504863 0.2504452638537389 0.14942334422416687
3 0.5121363585581087 0.5738103208571532 0.12122864474715093 0.1230037017473613
3 0.6314984805601807 0.4891833605604171 0.11047092721213972 0.09309799620027803
3 0.7660532630251693 0.4626598409931256 0.09648120181924558 0.09433318787965277
3 0.7210061286171006 0.35001371741802145 0.08964900496239867 0.08168771751493065
3 0.6006572413135476 0.34643216289711853 0.0966267510334573 0.09745818787965285
3 0.7385681561196906 0.2411660474901395 0.06660961124870504 0.056178571238402863
3 0.6372967545481141 0.24505215406340328 0.07017125889134021 0.06562630642076392
3 0.6219050409420441 0.19943052953836857 0.06333906203449331 0.052980836056041716
3 0.42147270140496074 0.25251524268489617 0.07002570967712848 0.06250130642076393
