3 0.05571872851481561 0.7214639898209672 0.041014503618044616 0.0991779796419344
3 0.28808417118786933 0.7129958574935407 0.15030097241038015 0.1342119185677376
3 0.3180472308896648 0.5864426519102997 0.1162601650834338 0.1086716980251019
3 0.13836637494219953 0.5453403832502771 0.12094766508343388 0.10897208667404978
3 0.07308553369405532 0.47341651603912893 0.10064180913596858 0.07808303207825791
3 0.2515823479184066 0.4770688494739762 0.09817190637700665 0.09038277297895939
3 0.1188207575747735 0.4249580320782579 0.09102114767057934 0.07279475478036197
3 0.05007740162730821 0.39096496144333714 0.05113977611928182 0.054666516039128955
3 0.0904224406368888 0.35851220928386873 0.07301477611928182 0.05606832973421945
3 0.20300432779201855 0.3672840368586199 0.0649566146538925 0.05088018198597286
3 0.15930191542211813 0.33567428901808827 0.0650385018090223 0.052442681985972864
3 0.27396195895425446 0.4286709222683654 0.0795923247398008 0.06271884793281668
3 0.4249545708946136 0.41265230335917413 0.06528416327441153 0.05713018198597286
3 0.30756567503305654 0.3864426519102998 0.0733423247398008 0.06231832973421945
3 0.27443559249133964 0.333708875692138 0.05525406603337357 0.04402940468807692
3 0.2531028250784851 0.29808225632152147 0.04390713025772479 0.03551599784053163
3 0.1941339388278665 0.3168835186600226 0.058542840343633086 0.04735466378737554
3 0.3614376255080264 0.35952850092285066 0.056734678878243815 0.04256703423772627
3 0.4616832869734157 0.37062429210040715 0.056980340343633175 0.04725453423772628
3 0.37756391451760696 0.32552374074381785 0.04415279172311406 0.040203497840531635
3 0.3468528250784851 0.30409002930048074 0.040864017412854545 0.03687823874123301
3 0.2672505342598822 0.28575223704319 0.042262743102595035 0.03385336829088237
3 0.2878529613291037 0.27772898596345585 0.03921963025772479 0.03521560919158375
3 0.3157732434412793 0.27562506785714364 0.035767081637205766 0.028765350092285046
3 0.41412221223361484 0.3099580999354015 0.04398901741285464 0.03707849784053163
3 0.4396611227944929 0.29212905227944 0.03584896879233561 0.030327850092285048
3 0.4682840897778062 0.2737190137227771 0.029271420171816588 0.023677331893687814
3 0.9387232821679465 0.7618509808693268 0.12255343566410701 0.12962454811738694
3 0.6811171189493057 0.6354038926541176 0.11626016508343398 0.1086716980251019
3 0.8367562873120999 0.6189044123938743 0.11494332654882307 0.11325906847545256
3 0.646267406149864 0.5498576164359559 0.09800813206674715 0.08725777297895938
3 0.7920745511069098 0.5537509793281673 0.09471935775648781 0.08393251387966068
3 0.6047173139972086 0.4553170720191968 0.07506859905006032 0.0655434592838688
3 0.728158136023476 0.44843362121631786 0.06536605042954129 0.05869268198597268
3 0.8923744442549335 0.5064532796050225 0.08205558344622829 0.08000647748246603
3 0.9633797051668678 0.49704680366371595 0.07324058966626446 0.0655434592838688
3 0.9676300717991246 0.471565942312664 0.06142217887824373 0.04286742288667433
3 0.8887337878779267 0.42212834437984725 0.03683161465389233 0.04907785009228505
3 0.8259881264125376 0.41343566239387436 0.11510045680654776 0.1459714389258032
3 0.7056346828349727 0.40494443707087663 0.057389776119281775 0.05506703423772628
3 0.6163641429208809 0.4101244879660406 0.058788501809022266 0.052042163787375625
3 0.6122188755080264 0.3755992936415667 0.05229284034363317 0.046954145588778216
3 0.6095918424913396 0.35518666409191735 0.04538774310259512 0.03405362739018099
3 0.7016531897323777 0.3735442427464027 0.042508404567984215 0.03854086829088228
3 0.7687964241285454 0.3918622486064988 0.028773453188503238 0.04388970234403846
3 0.7659237296464694 0.36676211905684947 0.033051517412854635 0.03637759099298643
3 0.6815111080951718 0.3457801881506108 0.04439845318850324 0.04489099784053163
3 0.670784970035531 0.3193981608527149 0.03617651741285464 0.03657785009228505
3 0.60392501865605 0.32134259021779404 0.03593085594746519 0.031890350092285046
3 0.6075070420617983 0.30054922886674207 0.0325601944820761 0.02700259099298643
3 0.7369831801214393 0.33454110193798636 0.034204581637205855 0.028665220542635695
3 0.8071319058111797 0.3359219316722058 0.040208920171816584 0.024378238741233106
3 0.7866965750784851 0.33227649752676464 0.029517081637205678 0.028364831893687815
3 0.7138798727944928 0.30970178824289585 0.030915807326946165 0.025339961443337167
3 0.1871967005865115 0.6302253254152828 0.062309649479601645 0.11922966378737562
