3 0.553125 0.775 0.0796875 0.134375
3 0.8015625 0.8203125 0.121875 0.171875
3 0.7234375 0.5640625 0.078125 0.103125
3 0.6125 0.475 0.053125 0.0859375
3 0.5171875 0.48125 0.05625 0.0859375
3 0.3359375 0.6703125 0.0703125 0.1359375
3 0.2390625 0.50625 0.0609375 0.1140625
3 0.325 0.3640625 0.05625 0.075
3 0.5109375 0.3546875 0.05 0.065625
3 0.6578125 0.4125 0.0640625 0.078125
3 0.50625 0.2734375 0.0421875 0.0640625
3 0.6140625 0.2765625 0.0421875 0.0515625
3 0.54375 0.225 0.0390625 0.046875
3 0.3734375 0.1828125 0.03125 0.040625
3 0.3328125 0.1828125 0.03125 0.040625
3 0.428125 0.140625 0.0265625 0.0421875
3 0.5890625 0.1640625 0.0359375 0.0375
3 0.4875 0.190625 0.028125 0.0421875
3 0.5296875 0.1296875 0.0328125 0.0359375
3 0.7578125 0.3421875 0.0484375 0.05625
