3 0.50057102048199 0.610837542171806 0.13853042093374804 0.12805487765916687
3 0.4093104416980866 0.437071427430417 0.08203822625188942 0.06900587955902786
3 0.6403182470162282 0.3847140661075005 0.07634966837349921 0.05170927678548622
3 0.6581736049510883 0.34299934479284777 0.059996626280124234 0.03884560087368065
3 0.8897400932887946 0.3890067482875702 0.22051981342241084 0.1862323599917363
3 0.22801421004335096 0.5124311840799307 0.2065509207925736 0.277874346124028
3 0.25350151550266686 0.30705400626826407 0.08532982622365459 0.09872974715020835
3 0.1815817418957307 0.22424019984750015 0.03793961575678066 0.03521145459715278
3 0.4591452997741211 0.24786476348645872 0.06632222099021767 0.0670797036472223
3 0.3172462261107151 0.22271668028020858 0.019751057878390377 0.017623911094166722
