3 0.11932352154079759 0.5054610266851087 0.2236782366340589 0.22980476594251656
3 0.6873546427710115 0.6618405857095356 0.3356461575678068 0.36029120533620984
3 0.43822471096098414 0.43266982134889886 0.1573560156438411 0.1609042797373263
3 0.30651822660482536 0.28691466531057647 0.12695588410204497 0.12036781094499087
3 0.6531055292921311 0.32716569256151207 0.13200740514873247 0.12686347241038015
3 0.48097146601089447 0.20689521540143355 0.09810284200867017 0.10639384215265535
3 0.3626533764918859 0.1655852199239893 0.08772678413027979 0.08871501922187686
3 0.617037768627613 0.18418697648271 0.08727175782192056 0.08090251922187686
3 0.6259647185711432 0.12452537143975587 0.07100972099021767 0.06914614767057933
3 0.5047645527578928 0.10595351311744139 0.07422572625188958 0.07087242198083885
3 0.41333518693052496 0.0710229924252265 0.06770271046687384 0.06585737336031983
3 0.5331471579913298 0.07331143148023561 0.06394067363517095 0.05475609905006033
