3 0.18043164381636653 0.7184623253224653 0.09531747840045357 0.1364843202884723
3 0.37914939681159143 0.6863986269935767 0.09068454210278443 0.13793771751493064
3 0.4068081161415524 0.6066390450215975 0.07791172359113005 0.12983427678548623
3 0.43887159327606157 0.49653799961875034 0.05796132213985139 0.0950228656913195
3 0.17483886432745382 0.5583060753224653 0.06788195916315991 0.11086607123840295
3 0.25889640579726614 0.5735329914506252 0.06782739546082901 0.10930357123840295
3 0.3354911329317753 0.4644684223964239 0.06561013103285873 0.0905172036472223
3 0.2713294292109111 0.4824904173624308 0.05618056733052797 0.08873649810013902
3 0.21797625071779017 0.45236585305788213 0.06081350362819702 0.08728310087368066
3 0.2423934081595188 0.41390341831236127 0.044642866604888545 0.07129442496187507
3 0.3641766389222251 0.39175827422003506 0.04140873920022674 0.06809668977951393
3 0.3470809081595188 0.41634004692145865 0.04976687622353539 0.08390352773541672
3 0.4265055133316619 0.43302036027607677 0.049166675497895974 0.06671602773541671
3 0.44460074890369167 0.41470677137024337 0.043353185116542826 0.07907055737069442
3 0.4249678059826006 0.366632294071667 0.04269842068857255 0.060320557370694416
3 0.4096503408289909 0.330367485751042 0.03908234736759475 0.04618532218833336
3 0.37848218638248715 0.33198388392743083 0.03255952885594056 0.038227351823611144
3 0.3061533185964723 0.33966779093753496 0.03077877404661713 0.031940984232430567
3 0.25635421523842766 0.36661084422416684 0.04129961179556503 0.06497168977951392
3 0.8888616695922643 0.484373799674341 0.17587799763774753 0.16333906743868062
3 0.7183904237686154 0.3640944012136117 0.11966271397248338 0.11831620174736113
3 0.7450769201404184 0.2788478854460423 0.0751835384745874 0.05170927678548622
