3 0.5606474886915809 0.517571942404258 0.10334408525525056 0.13134533697334128
3 0.5317611708491852 0.4304864016475933 0.09611143939369349 0.11208515394280312
3 0.7144951057203226 0.39909352512553536 0.1335162641334943 0.1727036606107628
3 0.899931316710742 0.41926314860347746 0.1692081026681052 0.17094971303635714
3 0.7221670855939346 0.29097813618564183 0.06914614767057933 0.07254442182065049
3 0.6287070126631562 0.2891921087648967 0.04785100180902226 0.05213632697140156
3 0.5526458016727368 0.2600942822525371 0.04259029172311415 0.04081618969849785
3 0.7137194205105007 0.1896707277009109 0.03946529172311415 0.04056109818322882
3 0.6864885351643933 0.2389690970959671 0.04480788896415202 0.05344373545613248
3 0.6225898094746528 0.247323473158983 0.04308161465389269 0.05019118969849794
3 0.6696794934412793 0.20268078179349516 0.034450243102595125 0.03392846091032524
3 0.6512636861143329 0.18064628512747505 0.029517081637205678 0.028858323637421624
3 0.6165921149925768 0.22270611043188665 0.0376571302577247 0.035746052425594324
3 0.5688572998637145 0.2101262331609227 0.0294351944820761 0.027295823637421623
3 0.5786893232694628 0.18813966285748093 0.024583920171816587 0.02378818636451805
3 0.6149953154675467 0.19223736043188663 0.0294351944820761 0.027295823637421623
3 0.6156161131835545 0.1741410646742521 0.023021420171816586 0.023660640606883464
3 0.5849426452957301 0.17272195694812553 0.02293953301668683 0.022098140606883466
3 0.6173899751239136 0.14810472315898301 0.01981453301668683 0.02184304909161443
3 0.5932531122790434 0.1516441824023183 0.018006371551297563 0.017028003333979892
3 0.5238833938253921 0.35502401604167966 0.105650213703953 0.11597542848861027
3 0.14283919097557307 0.5697229554503135 0.23720118611433305 0.251179089099373
3 0.7691958938253921 0.3349993320930576 0.04373671189493056 0.06269118969849785
3 0.6503872608541338 0.23877764952156139 0.021950243102595125 0.03290809484924893
