3 0.6715561697175312 0.8770781888113868 0.19494508706427283 0.1729567527304745
3 0.6042757372212428 0.7407907099868216 0.14216092378986112 0.1195408612399266
3 0.5372652996365718 0.6841680052645573 0.11782266508343398 0.10221700585373235
3 0.5229294826986871 0.619260622751 0.09932497060135788 0.07711701190385671
3 0.5150041180447945 0.5723538064942213 0.09069359905006032 0.06144656010845857
3 0.23783743046012348 0.5145084484757485 0.09529921189493056 0.05991133118569749
3 0.42002473145549163 0.36951917710392196 0.024420145861557073 0.018886355386194254
3 0.3922715456798429 0.3615475958200286 0.02450203301668674 0.020448855386194252
3 0.39675764981828593 0.3428294120768073 0.024911468792335523 0.028261355386194252
3 0.72414010063194 0.5392060049699697 0.14428998982323477 0.1601658612399266
