3 0.15724799872345377 0.8554044613693673 0.14286927693097135 0.12879416394474247
3 0.06614575487177383 0.7659755574265642 0.07109427088084712 0.1401145590935542
3 0.48192931527481997 0.6929352518361679 0.08954428903121965 0.09008260818516867
3 0.47174072813719425 0.5523262272903606 0.06456246974937904 0.09116687606301603
3 0.345115116504484 0.6653687480431459 0.13212267447164336 0.16071384364130098
3 0.1746389900410509 0.6233412604609816 0.08168633723582168 0.0816323793969957
3 0.2290083274732643 0.5731178619781904 0.04715680113146812 0.05226387272903601
3 0.3024867340891226 0.5861437625870135 0.05965680113146821 0.05328423879011233
3 0.3426890323919204 0.5168037022855114 0.04395907825883114 0.03950878121376693
3 0.38958675828961936 0.5245363250145475 0.04408634328594587 0.06138378121376711
3 0.3979305234149299 0.48226907668153746 0.03926248789975162 0.0375636439408634
3 0.4212816650036736 0.46933851304605545 0.029842036104353476 0.028985869395056162
3 0.4672890565924172 0.45825736289627433 0.028270445745273775 0.027295823637421536
3 0.4250924662333375 0.45325112744014184 0.026698855386194254 0.025605777879787083
3 0.5711089481811609 0.4518954057789709 0.03302157825883114 0.038615960910325244
3 0.5434652163315334 0.3981008550203665 0.01885908430895533 0.020280549091614475
3 0.5510827944921688 0.4994560609297219 0.032994307181592394 0.03392846091032524
3 0.6017595053627531 0.4856325480528444 0.04082498789975162 0.03769118969849785
3 0.5809975534691592 0.540941930324778 0.05340680113146821 0.05277405575957417
3 0.6527907402374427 0.5327465351759667 0.059656801131468026 0.05328423879011233
3 0.7319651558302913 0.5852813459365107 0.08799087939029934 0.09151756242753387
3 0.6753338816297945 0.6493759257828502 0.08017837939029934 0.09087983363936125
3 0.8724225050681655 0.7021654412448017 0.11629768657189174 0.12506338606495576
3 0.8534366766129426 0.79432111927437 0.13669199980360816 0.1407839809142047
3 0.8053748638722054 0.4522772694241512 0.06118293969514958 0.04716178454774678
3 0.26689414685330093 0.5082739830402364 0.0675511143631847 0.06798446757828494
3 0.2033316166026799 0.5889821069772205 0.0659886143631847 0.06785692182065048
3 0.4381328217177277 0.4129290163800354 0.01726931323171659 0.015465503333980024
