3 0.31706971554799934 0.7218876927230177 0.16318768689433422 0.21785108767505648
3 0.5305966200071452 0.6527608953708327 0.14820754307885 0.15952916542531562
3 0.5208988279367015 0.5130455779596559 0.10789961733238052 0.09535534946188058
3 0.22753659402824483 0.487773866006216 0.1032121173323807 0.09513702564056317
3 0.204235487843729 0.4312349216305685 0.08238616510280768 0.06457623035529281
3 0.40624038425710324 0.3821124092245716 0.044481973516896464 0.03477741439185813
3 0.7134251815233272 0.5437925020714237 0.12966535668871887 0.09481169396136266
3 0.5963247988557079 0.45891669603278656 0.06977690445914604 0.0624315334984459
3 0.693090538212046 0.4559671703922234 0.08136996832111638 0.07231595574818712
3 0.4701061423028749 0.3596701749403374 0.036341691585911204 0.029726041356328815
3 0.5309343816592131 0.3583944652632089 0.03299817029858776 0.026455492142117176
