3 0.7440988739928264 0.1497347500768746 0.09428319368794007 0.13435285668871888
3 0.4276289569966319 0.17342253041837594 0.10815469269935693 0.13064870248167448
3 0.5890492766545646 0.22679391283389375 0.11316052768032883 0.13878898441265974
3 0.6569278433467478 0.30072880354728476 0.09415585969555132 0.1312278566887189
3 0.6335527158566994 0.5111417796620714 0.1067195266917457 0.13366444183801285
3 0.5327489026245573 0.42314974278740747 0.12154603064607841 0.15339778763096845
3 0.35725149551419466 0.39023832584301443 0.12448002965749527 0.1489288089182919
3 0.2942368423581647 0.33076477287680733 0.12435269566510643 0.1458038089182918
3 0.2369987094309088 0.5692534725084902 0.11303319368794007 0.13566398441265975
3 0.3128144515222434 0.6013450706472343 0.10984452669174569 0.1338829631253363
3 0.47298794756791074 0.6088412243500756 0.13143036661563362 0.1665533514929388
3 0.5784938482524827 0.6770288596155851 0.11966519566510633 0.14547602698730663
3 0.41225474152268093 0.7992748362345746 0.13066636266130088 0.1478033514929388
3 0.2600502543742622 0.7491541399570865 0.10502969269935694 0.13043018119435104
3 0.17406633342373512 0.775421345036651 0.11966519566510643 0.14547602698730663
3 0.21921039566729403 0.8719796347613062 0.10056768577927473 0.09739915990702741
3 0.1241870557434062 0.9097852733810103 0.08079901384016441 0.07108803218308672
