3 0.07538433576521342 0.6676153977202706 0.11550100362819707 0.09446224025173784
3 0.2555827564537859 0.6217379031188552 0.06926092068857255 0.06446616431700995
3 0.37070924864923765 0.5999122925407561 0.051746038474587405 0.05378877344521662
3 0.6690673591788583 0.8042501307225457 0.11797123920022692 0.07594903859206355
3 0.7718625208817562 0.642059629272653 0.06720734736759475 0.050285265146846926
3 0.6531770082678845 0.6087833427551818 0.05125496515360979 0.03972627344521662
3 0.547646260081983 0.5577042495990148 0.03217758293962447 0.02893048340326061
3 0.4422519211519086 0.5027189064428474 0.01935020072563951 0.018608290041956365
3 0.5783977522774346 0.5294850838321121 0.025709328130301044 0.02220688672260849
3 0.6206125341286002 0.5319006114265138 0.028779764427970277 0.02088118506293437
3 0.5296973574495778 0.5109117599719768 0.02080357332097762 0.015601689212119397
3 0.5703496393007432 0.5132088883962155 0.01767857332097762 0.015364890871793335
3 0.5879190852170593 0.5035737792680088 0.01606150961864685 0.013683991701630305
3 0.44921124928220985 0.4828800031234996 0.014389882213985138 0.010440592531467275
3 0.37248505817521727 0.48176594378551146 0.048566474772256465 0.051989475104890735
3 0.5682613496450295 0.4832845900558894 0.022748019237293703 0.026657588382282427
3 0.5506100581752172 0.49526344918409626 0.014499009618646853 0.013565592531467274
3 0.4588590677938641 0.4757778981444778 0.012936509618646851 0.013447193361304243
