3 0.7275607609697348 0.7546133378723594 0.18710601085413395 0.297628369581383
3 0.6678736589789984 0.4654818536896902 0.11838923111680728 0.14670785672980174
3 0.5028185470386394 0.4464811387843929 0.08112824852966191 0.17949118182494211
3 0.4745817616471033 0.3158823961987667 0.09076884215265543 0.09568918479069151
3 0.6373373891912946 0.3490092781002584 0.08320200361804453 0.10005834980971962
3 0.6419983129811558 0.2303229450964528 0.06232293758467104 0.0586693458553869
3 0.588982855608781 0.17089620695945085 0.06224105042954129 0.057106845855386903
3 0.16536281264247155 0.47426387646428425 0.19839099163225704 0.21545253954332697
3 0.2876239942342488 0.357801935247802 0.10458568068726608 0.09157468775644109
3 0.3493703997067443 0.2952581728905124 0.08419129353213642 0.089184516805914
3 0.5044949909548885 0.22111372425965642 0.06067855042954129 0.05704317885919252
3 0.5167592955683012 0.2697276377958097 0.07054487336031982 0.06680018083635879
3 0.5216725248760864 0.17597763779580972 0.04809666327441153 0.05497134288963736
3 0.39695912991904053 0.17560224749136102 0.13894074852966193 0.1818468606841345
3 0.30182817786219096 0.6222809293163031 0.38433729420950485 0.5504535751323212
3 0.49809226198578765 0.09040489372730875 0.06190685775648745 0.08048067885919248
