3 0.42578125 0.9483191427155795 0.2234375 0.10336171456884102
3 0.4453125 0.8676447703874641 0.2359375 0.2146775801000249
3 0.82109375 0.8738913880302188 0.25625 0.18870611348611988
3 0.68984375 0.6997599030739137 0.221875 0.2236434031404208
3 0.38125 0.6665619920159342 0.1609375 0.1531203029821361
3 0.3671875 0.5716215650563301 0.146875 0.12458612602253219
3 0.625 0.6142793926490725 0.175 0.1504044799417404
3 0.5953125 0.5243530746232415 0.15 0.12936455423577745
3 0.56640625 0.4485119886507219 0.128125 0.09904055674305993
3 0.41796875 0.3973178985215672 0.109375 0.09849498746358769
3 0.446875 0.2747214844940868 0.071875 0.06771634890464337
3 0.3140625 0.2739820354311589 0.0640625 0.05655152837152997
3 0.40703125 0.2626246497752084 0.0625 0.05650606426490725
3 0.3140625 0.2349195354311589 0.0546875 0.046903743731793845
3 0.24375 0.22818615063313824 0.040625 0.04180706677218975
3 0.0140625 0.27540917695960415 0.028125 0.05081835391920828
