3 0.5152250870513747 0.8330311795333936 0.3087372609582548 0.26332568025830944
3 0.15218993196514147 0.7145134778966762 0.24965335938667818 0.26784804420664765
3 0.7057280008240603 0.6233055238856904 0.2468151497095498 0.20691054420664762
3 0.7480416635632887 0.3224500660472739 0.10549232878371625 0.08733016693047428
3 0.87350188998964 0.41267659778401616 0.1310017510334575 0.09899509263643722
3 0.6004668043814982 0.46286578054960803 0.1936516083532208 0.17103522868809903
3 0.48823216997342944 0.35426132185326165 0.14459337014004525 0.1227963054894186
3 0.14482461827801835 0.32122647915031743 0.14488446856846857 0.1290463054894186
3 0.1347004474760194 0.2550248176301195 0.1252611732831983 0.10975073620994644
3 0.2959868579389361 0.30822271080791735 0.12882282092583344 0.11921666442319179
3 0.42429164040392486 0.2747616899582349 0.12213617328319834 0.1096598079967011
3 0.3593001871369372 0.23988423627645344 0.0942637303552929 0.08076191818411553
3 0.3068451211735025 0.2054243197416906 0.08772263192686944 0.07433006175762476
3 0.19216403701310267 0.1954619495251463 0.09448205417661049 0.08544941818411553
