3 0.7582313518076372 0.22423471733882097 0.09279055674305994 0.13071645407749283
3 0.44187056591425994 0.21659073574772805 0.10671666442319179 0.126438131037097
3 0.6078198263391011 0.2862082169431096 0.11163148495630519 0.13438702335696498
3 0.6812095137235465 0.36718308379444153 0.0926996285298145 0.1275914540774928
3 0.6724579540109857 0.5761261747815261 0.10524509263643722 0.12951766693047428
3 0.5649971435070024 0.4777675796378064 0.11985316191590947 0.14867684389007838
3 0.38633493441494454 0.42729490353613214 0.12284176959604132 0.14408027210332364
3 0.31884590604341456 0.36132291105797953 0.12275084138279588 0.14095527210332373
3 0.2780320040901281 0.5950925058059877 0.11154055674305985 0.13126202335696496
3 0.35646689264907244 0.6348429790838105 0.10837009263643722 0.12960859514371972
3 0.5179499619285446 0.6582757820659466 0.12959187476889084 0.1614496285298145
3 0.6287487210997447 0.7372167874762229 0.11806334138279588 0.14081887978345567
3 0.470257922669955 0.8434487524407756 0.1290463054894186 0.1426996285298145
3 0.3137973225116705 0.77801030588513 0.10359166442319179 0.12634720282385156
3 0.22923210589776533 0.7958450120741939 0.11806334138279588 0.14081887978345567
3 0.2813605587216169 0.8972771314328083 0.09951191818411553 0.09344377461060631
3 0.18851984085407053 0.9257992850354475 0.0800344924781526 0.06789820533113407
