3 0.32763903007636014 0.5643680687908614 0.09026246801399936 0.10364315046753828
3 0.39013793539145186 0.43036577351312577 0.05214430267345431 0.05029998184962743
3 0.3225595367202248 0.3963811380727022 0.04903748400699968 0.05184430113146821
3 0.21314762671067983 0.3254368581166688 0.03306703866963616 0.022065897540671918
3 0.25537148937777066 0.32880729781181844 0.0315227200031817 0.023619307181592396
3 0.32579307737904334 0.3385913639704013 0.02994203866963625 0.0220477168225127
3 0.3390106927116343 0.333199882022578 0.0252363573360908 0.020457945745273952
3 0.39250841004931597 0.36554020423128497 0.033139764003817976 0.02831589754067192
3 0.4221413660486796 0.36102542105379776 0.026835220003181705 0.023592036104353474
3 0.3859675087125888 0.34050384279496654 0.028361357336090798 0.020476126463433175
3 0.4243033027132251 0.3454140565924172 0.023655676002545433 0.018886355386194254
3 0.4970322780474069 0.3520867582896194 0.022038632001908986 0.014189765027114642
3 0.5462328467138615 0.35081060460062735 0.023728401336727246 0.025136355386194253
3 0.5720868220480433 0.35721059552544104 0.014153406667727176 0.007894313231716587
3 0.5924447753819069 0.3612350201934761 0.012590906667727353 0.007885222872636887
3 0.8526128527609501 0.6994445890825334 0.14206132535009033 0.12425563231716552
3 0.9784993593650441 0.4892706792452213 0.04300128126991183 0.033094301131468204
3 0.929718603397497 0.47803319739559386 0.0628636266709087 0.03161361436318479
3 0.7683992953930427 0.4442843904103933 0.050309082670272606 0.026853391490547905
3 0.6924635040579064 0.4305622579950318 0.06128294533736352 0.030042024004105095
3 0.6267657787237246 0.42393046291368786 0.04565794533736352 0.029951120413308985
3 0.5869583913908155 0.4268236587571576 0.03312158267027243 0.02675339754067192
3 0.7248952907383603 0.5323065651766241 0.06302725867281786 0.04567611436318479
3 0.6791828014003606 0.4976679447633153 0.056722714672181596 0.04095225292686635
3 0.6484413313971789 0.4740531827612626 0.04885567067154532 0.036219301131468026
3 0.6365316773949516 0.4575787550681655 0.04574885200509069 0.03776362041330898
3 0.5607049740610881 0.45323162265280403 0.05049089600572696 0.042478391490547905
3 0.6066260013924063 0.4386560382456528 0.04258748933799979 0.03462043969514959
3 0.600939075389861 0.41987422198887414 0.0299238573360908 0.020485216822512697
3 0.6160822700509068 0.37855887557967033 0.01736931333545435 0.01572499394987581
3 0.6207061353834977 0.3731173966569092 0.015788632001908987 0.014153403590796199
3 0.6543635200509067 0.37878158937712103 0.014189769334818081 0.011019313231716588
