3 0.3070775329697645 0.6957999109923083 0.14024833693238978 0.12792789406758587
3 0.5600240115991401 0.7317327851099529 0.16749792116548717 0.15936356436617344
3 0.5423172159581064 0.6474888250867098 0.12476504689043359 0.10819454827463026
3 0.5843513506061224 0.6157964286733356 0.11335395020978148 0.10117972376899793
3 0.5950296640932955 0.5466640164205195 0.08946616431700996 0.07308757475773361
3 0.597445191687697 0.5045311467423504 0.08333456348717298 0.07421303218308672
3 0.6136388767506314 0.4754228009493948 0.08118006763635784 0.0662912715394249
3 0.608075960983729 0.44628160416770346 0.07973596680652104 0.06774451089576328
3 0.3763495964569375 0.6225702246021771 0.11647895020978138 0.10139824505632156
3 0.39635536575296937 0.5636651181655598 0.10866645020978147 0.10085194183801285
3 0.4419880970816374 0.5255042004648621 0.09616645020978147 0.09997785668871888
3 0.4750383180373433 0.46879537855712006 0.07431476099766207 0.07824496832111638
3 0.5002401501958482 0.4336173492240249 0.0689168659766839 0.06854218639013113
3 0.5321180348438642 0.4026351469944519 0.05307837842423861 0.04412134059717552
3 0.5503002723963096 0.3780504102360037 0.046709979254075586 0.04212179802252862
3 0.12079741346859549 0.6723016988753783 0.1391827444009226 0.11386539406758586
3 0.056711310676023384 0.7401008400929724 0.11342262135204677 0.1050366972858944
3 0.02016525434967754 0.6298624626211332 0.04033050869935508 0.10902507475773363
3 0.05853576503498971 0.5731318613802958 0.11707153006997942 0.11353761213660044
3 0.09204729666671893 0.5491973346450909 0.09341995850815119 0.08424359604505724
3 0.14286443546391975 0.5246618743697461 0.0818904626573361 0.07566627153942491
3 0.1733098746760391 0.5023280524620041 0.09209425684847723 0.08725933540139544
3 0.2273704126434029 0.4760115708993359 0.07168666846619498 0.06407320767745457
3 0.2529390977063374 0.44624766124440984 0.07156826929603195 0.06251070767745456
3 0.2928303918974785 0.4325786451528666 0.06652557178554286 0.057495425746469306
3 0.1770007918928341 0.6279618369908793 0.1254987526992924 0.09736630891829172
3 0.2273093678275618 0.5793715176810272 0.1013508576783142 0.08635239926336595
3 0.2697103553800072 0.5530932409458221 0.09533765601864026 0.08904035668871887
3 0.32378347135669117 0.4855890306704775 0.08861405933798813 0.08235331411407198
3 0.37134555558978866 0.45273297200428714 0.0732258576783142 0.08438570767745457
3 0.4138532869184567 0.41479057559091287 0.06292697510489073 0.05102690445914604
3 0.4460504802797608 0.4001053627176782 0.05644017676456468 0.047464861884498964
3 0.40634936285318435 0.37024290009654504 0.05019017676456468 0.04702781930985207
3 0.4675469719813911 0.38305997435007566 0.04694677759440165 0.04524679802252862
3 0.6323198670023692 0.36221260676559347 0.07549875269929238 0.09386996832111638
3 0.27138236700236923 0.38745181545145424 0.06245337842423861 0.04477690445914604
3 0.18247323235435328 0.4224220311746806 0.08515717261537983 0.05724405347041017
3 0.07416290227044071 0.4672971246218477 0.10064046265733606 0.07697739926336596
