3 0.8481784604841673 0.7616681159403901 0.10519795269729179 0.09748052000387926
3 0.26204159194305615 0.7387746839486221 0.11388196846486114 0.0685582945496865
3 0.3194689661837504 0.5594377413751862 0.060538762917777864 0.05484673879011233
3 0.4330768712939935 0.5492173316825072 0.044550087005972114 0.03794628121376711
3 0.4078398287409379 0.5034903724391719 0.03023301386770836 0.025860869395056163
3 0.39019773385118095 0.48255611910519214 0.025436411094166722 0.020790732122152634
3 0.4655795935585768 0.5050845654716498 0.023873911094166544 0.020663186364518006
3 0.6094029819513199 0.5534737522952098 0.03183188145888884 0.027550915152690793
3 0.5810591231938546 0.5082729515366055 0.015988675911805573 0.01690045757634522
3 0.600554005602674 0.5083047735070372 0.012790940729444599 0.013520366061076317
3 0.4378721676467713 0.4872275147130454 0.022311411094166546 0.020535640606883378
3 0.454005660712917 0.47684799516820797 0.0159159407294446 0.013775457576345218
3 0.4823670500555906 0.4893000688056297 0.015952308320624907 0.015337957576345217
3 0.14214339997934072 0.5457425478836664 0.2655938580918752 0.28836009576733285
3 0.6440682694703824 0.5352497818419868 0.06718880642076393 0.07254442182065049
