3 0.776899660731449 0.7284975924697079 0.2011157030344176 0.11720604053191011
3 0.4483443549718748 0.7684116907593717 0.22353283697334128 0.10566104547482595
3 0.7047851578565111 0.6228749921656968 0.17633884364130098 0.1379987015966055
3 0.87584644119631 0.45739852528323305 0.1570786606107628 0.13098469764227277
3 0.43415392240037864 0.6541754358164558 0.20583489606689528 0.1750185405319101
3 0.46349034922199894 0.5636605237631772 0.19594971303635714 0.16838653855474384
3 0.6807095422544768 0.5145067352456145 0.13992311151914832 0.11159802768032882
3 0.13138656498836201 0.7386035380604523 0.26277312997672403 0.2358233893530466
3 0.21682277225059746 0.5990728058549493 0.17356453000581898 0.1612452006080222
3 0.03674355127798943 0.5820750123572896 0.07348710255597886 0.11252385771838505
3 0.05444909309767008 0.5049686842964 0.10889818619534015 0.11596719269935693
3 0.10475282013426387 0.46438744665368964 0.1076527454580721 0.09782468775644108
3 0.24521845240619763 0.4912748933073793 0.12614765394280303 0.0954636917107738
3 0.45510350649878195 0.4551476868050389 0.13523561151914834 0.1114070266917457
3 0.6440224852869546 0.45500705984646306 0.12327774545807202 0.09846135771838505
3 0.753110313925346 0.40536649859148727 0.11977010818516867 0.09364652372599629
3 0.6347747731686815 0.37624538988451917 0.11077774545807202 0.09795202174882985
3 0.3013725996810409 0.43712590418179414 0.10506987939699589 0.0852610207602467
3 0.464063660441585 0.36458635380123333 0.09894742515463033 0.08656885277546911
3 0.32205163256179786 0.3854506576418353 0.08973192182065048 0.06906301779449713
3 0.6153867865046009 0.306476717945409 0.09205969636645772 0.0785016847906915
3 0.6024402474149262 0.273027547983465 0.08048446757828494 0.07024351581733076
3 0.5726570236277233 0.2537854580595772 0.05838632697140156 0.047540844866803676
3 0.4830366721105146 0.30500310676698283 0.07490414727484325 0.05911501482874755
3 0.49639754150557075 0.2757612757403436 0.07672173879011232 0.06230368182494202
3 0.3682886458977174 0.31835599954288946 0.08880715060882309 0.07681185079830274
3 0.11466956725932594 0.36210736364988405 0.08217451333591956 0.07186968281352524
3 0.24322500195685404 0.3524524738397269 0.0785393303053814 0.06549234882113639
3 0.22978425529083393 0.3346601373758802 0.07684928454774687 0.06386618182494201
3 0.2023288060494383 0.30610671444818677 0.0585138727290361 0.04910334486680377
3 0.25535808226223544 0.2902389753226017 0.05682382697140156 0.0474771778706093
3 0.31262844832331177 0.28003098718559977 0.05669628121376693 0.04591467787060939
3 0.17951305938341816 0.2879323760071737 0.06658146424430518 0.052546679847775654
3 0.4058841118090125 0.26109925646297166 0.05644118969849785 0.0427896778706093
