3 0.19046382714057938 0.5182986711621529 0.1409115266718391 0.1405185100679862
3 0.9144998264520166 0.7866084469007995 0.17100034709596698 0.19498911094166688
3 0.7216496674479005 0.6445079466164589 0.12321384364130097 0.13386846656499998
3 0.5432378829001536 0.5795336439954171 0.10851361485312835 0.12572865824437507
3 0.5563440475938023 0.4917251726807644 0.09904302000387943 0.10523432028847246
3 0.8464744532035955 0.5975082728888548 0.11906847758022465 0.12129573138263901
3 0.7969850230479951 0.4879689655181604 0.06591178454774696 0.06235583605604163
3 0.7145871112292843 0.47201535077677137 0.06536965060882309 0.07481946846486114
3 0.6235159589534712 0.38802025085302133 0.05200878121376693 0.0448773953265972
3 0.6548138853160494 0.3606771540634033 0.04030600666795969 0.035247822188333444
3 0.7720808757731519 0.4312461868328131 0.05108401000193972 0.05265352773541672
3 0.8263858674382021 0.3896230377064937 0.0375636439408634 0.03986258700597221
3 0.7114304181968065 0.41423921836795197 0.053029147274843244 0.057377395326597205
3 0.7179994115288467 0.38008242391503533 0.03718100666795969 0.03517508700597229
3 0.7763540454677704 0.3689643923798965 0.03418355242559432 0.03666485182361114
3 0.7259714081948669 0.36311312946211866 0.03536341515269079 0.03201371941479172
3 0.677438313345618 0.34170960172670195 0.03380091515269079 0.031977351823611146
3 0.6951041744057244 0.32886476282086863 0.030293277879787084 0.027217116641249994
3 0.7340709506185215 0.34770633500920195 0.028730777879787082 0.027180749050069508
3 0.72404237531411 0.3108239308488895 0.021843049091614476 0.01922277868534721
3 0.7270080075860437 0.28983928362243117 0.020280549091614475 0.019186411094166723
3 0.7633281448589473 0.29536323821958393 0.030293277879787084 0.027217116641249994
3 0.583353215621431 0.421395142095556 0.09410042848861018 0.10200021751493064
