3 0.1830405735691213 0.8000561860279987 0.11471102084968252 0.1309783746817267
3 0.21170043415224712 0.6745658373647259 0.11020537727617326 0.13717383068109026
3 0.3347371173800574 0.7166362533815887 0.14521687476889084 0.15944882001909005
3 0.3362889086837111 0.6095868220480433 0.1356600183424 0.15308973201781734
3 0.3044227947353729 0.5498209233768161 0.1337338054894186 0.1405715506842718
3 0.43719584230723274 0.49900440539463353 0.13883048244902269 0.15468859468490823
3 0.4638970831360328 0.5751220100652243 0.14535326708875881 0.16413632001909004
3 0.42455710147843273 0.4230504327259518 0.1127848079967011 0.11846019334818117
3 0.6131051244396863 0.4697907147517233 0.11439277210332381 0.12004087468172671
3 0.6822846849436699 0.37525092142740474 0.10965980799670091 0.11842383068109026
3 0.5680857926238019 0.3786111840785873 0.11448370031656907 0.12316587468172653
3 0.5472708389420204 0.31506630474217834 0.1047449874635877 0.1105567866804539
3 0.6516999261681813 0.2983066134229504 0.09210859514371954 0.10572383601209037
3 0.6223055943522968 0.20730889608526878 0.09435305674305994 0.12917951734563582
3 0.7443420672344081 0.28375431210213165 0.09219952335696498 0.10884883601209036
3 0.7011209161390515 0.2113520534293138 0.08268813103709682 0.10405224801081765
3 0.819726163631769 0.19084974411199485 0.11004024122451135 0.07781701201463567
