3 0.6213149959023226 0.730522486196987 0.23346812269254436 0.19466148376465037
3 0.7488860125716407 0.7132140296214396 0.1410260840229082 0.17117734496658024
3 0.9147382792409587 0.6965737747501757 0.07045904535327167 0.1480750357138149
3 0.821733713916322 0.6308748624131553 0.19337038136536222 0.2392648717519414
3 0.876304677275639 0.44038227596799173 0.160266980028635 0.2136921274339844
3 0.36492282928868386 0.3353428051922802 0.14885676535645348 0.17287621266133205
3 0.11180637261300248 0.39734437865180033 0.20087379869508962 0.2128387394466932
3 0.21335813991886737 0.601501818991998 0.054343149347544806 0.10561480032431163
3 0.6087461019653198 0.2661463404990581 0.04306020401018138 0.07573638555165915
3 0.3434847286362287 0.2302598388775003 0.08978975334181775 0.06405459172016936
3 0.47562506663750137 0.22318945291880402 0.08050566000954511 0.07170345048646735
3 0.3883854119191855 0.602212705354436 0.11869655068427196 0.13173301542127547
3 0.5434478186266837 0.304076988632619 0.07770792401336309 0.09977390340856669
3 0.5381614293045922 0.2211553944768176 0.07427384134309048 0.07315685633066593
