3 0.29898991559002186 0.8005034450347942 0.14719437418757347 0.11627598933548207
3 0.5347558660764892 0.707165155784017 0.03489319724005639 0.031689615756780753
3 0.4462291542259361 0.7263694530684763 0.028561376623205348 0.026638094710093263
3 0.4933223425375388 0.7111392952183209 0.015843188311602675 0.01341005261671846
3 0.4611956351512127 0.7184736530825938 0.015843188311602675 0.01341005261671846
3 0.4698439322291133 0.7148481241433986 0.011101141233702094 0.010012036831702886
3 0.4855098425375388 0.7115943215266801 0.009565914772652385 0.011483531570031147
3 0.5114410970017657 0.7014989847090947 0.019159103084255235 0.024529563140062292
3 0.6343018985438933 0.6826363216678545 0.02373750892845372 0.018552578925077688
3 0.5889484882354677 0.687619224256338 0.01587046185055314 0.01497255261671846
3 0.5748450779270422 0.6907820216113848 0.02376478246740401 0.020115078925077867
