3 0.8453125 0.503125 0.2625 0.1765625
3 0.6328125 0.6328125 0.278125 0.2171875
3 0.1953125 0.471875 0.1578125 0.16875
3 0.3890625 0.3890625 0.1359375 0.115625
3 0.0484375 0.259375 0.0953125 0.084375
3 0.96875 0.2921875 0.0609375 0.06875
3 0.721875 0.3328125 0.046875 0.090625
3 0.7328125 0.2546875 0.0609375 0.0640625
3 0.5359375 0.315625 0.0390625 0.078125
3 0.571875 0.2796875 0.040625 0.0765625
3 0.49375 0.271875 0.034375 0.071875
3 0.5328125 0.25 0.03125 0.0578125
3 0.440625 0.246875 0.0328125 0.0640625
3 0.4125 0.21875 0.025 0.0515625
3 0.4765625 0.2203125 0.0171875 0.05625
3 0.3890625 0.203125 0.015625 0.021875
