3 0.7184638508476863 0.5881030085280072 0.49526858407203617 0.43611614691244965
3 0.3279557195093529 0.5668373035740177 0.3093325011312958 0.3080615105500115
3 0.20680176385444526 0.4269816911542718 0.18290811922731445 0.18260576866768635
3 0.39755319443884335 0.37762875324970613 0.16822090263916642 0.15738758035608366
3 0.4739591610269914 0.351333260149565 0.04724543836009243 0.05854888555165925
3 0.06645282130044025 0.5300948287345258 0.1329056426008805 0.13968188311602708
3 0.015525308340949557 0.5358596335230643 0.031050616681899113 0.06965002678536117
3 0.10986868378842685 0.4739169667218171 0.08087814458064804 0.0684966298696164
3 0.12726052681393596 0.40886866517968945 0.04513613421305544 0.05227161201270878
3 0.38927109420328765 0.3028878518697344 0.09201113421305544 0.05308981818121907
