3 0.77092485359571 0.4566764865835201 0.2073160020669146 0.19755459019601868
3 0.9076220630679506 0.34987587115975793 0.18475587386409878 0.18176589908902613
3 0.5691397216688405 0.3917310767795387 0.19739303846084474 0.15196927168436442
3 0.8001584735308672 0.17707826662058695 0.13427230024766884 0.10296628729346105
3 0.9119264193542568 0.09022805264810362 0.12311647642635144 0.09789684137714502
3 0.4913314371369372 0.23324894338442728 0.15807367328319835 0.11159724282842384
3 0.5796618829603267 0.14721718494690678 0.1391781240689866 0.10781747840045361
3 0.7146147717116218 0.08772807914179145 0.12068068114108108 0.0790922776748142
3 0.16997447559778192 0.39001982087390696 0.17871581306795056 0.15287700725639414
3 0.26108328080784965 0.5652529446503717 0.46180241066780453 0.47007446405730136
