3 0.496875 0.8078125 0.184375 0.2625
3 0.70625 0.725 0.146875 0.1578125
3 0.284375 0.6421875 0.13125 0.1578125
3 0.5140625 0.5578125 0.0875 0.1
3 0.6359375 0.5125 0.078125 0.071875
3 0.3546875 0.51875 0.0765625 0.0734375
3 0.8 0.559375 0.1046875 0.090625
3 0.7515625 0.4875 0.0859375 0.075
3 0.671875 0.4578125 0.0703125 0.059375
3 0.68125 0.4109375 0.05625 0.046875
3 0.65 0.3921875 0.040625 0.034375
3 0.6125 0.4375 0.05 0.05
3 0.421875 0.4125 0.0421875 0.04375
3 0.4546875 0.3703125 0.0390625 0.0296875
3 0.5046875 0.378125 0.0375 0.0390625
3 0.5296875 0.3984375 0.05 0.0359375
3 0.5875 0.3953125 0.0421875 0.040625
3 0.5671875 0.3765625 0.0375 0.028125
3 0.6125 0.4171875 0.053125 0.0390625
3 0.6328125 0.3671875 0.0375 0.0296875
3 0.6265625 0.35 0.03125 0.0234375
3 0.60625 0.3453125 0.0296875 0.028125
3 0.5765625 0.3546875 0.034375 0.0296875
3 0.59375 0.325 0.03125 0.0265625
3 0.515625 0.35 0.03125 0.025
3 0.4375 0.359375 0.0359375 0.028125
3 0.4421875 0.34375 0.0296875 0.01875
3 0.45 0.3328125 0.021875 0.021875
3 0.5078125 0.3296875 0.025 0.01875
3 0.45625 0.315625 0.021875 0.021875
3 0.4609375 0.29375 0.01875 0.0140625
3 0.4734375 0.278125 0.0140625 0.0109375
3 0.5046875 0.275 0.028125 0.0453125
3 0.4984375 0.3109375 0.0203125 0.0171875
3 0.546875 0.334375 0.028125 0.021875
3 0.5609375 0.34375 0.0234375 0.0234375
3 0.5546875 0.321875 0.025 0.0171875
3 0.5390625 0.29375 0.0171875 0.0125
3 0.525 0.265625 0.015625 0.009375
3 0.4 0.4609375 0.0578125 0.0515625
3 0.4984375 0.4609375 0.05625 0.0546875
