3 0.03764343784666381 0.5421875 0.07528687569332762 0.1375
3 0.38059884982908015 0.559375 0.14360891066226814 0.15625
3 0.061638249670795585 0.6203125 0.09969377461060622 0.096875
3 0.14119771753834195 0.6515625 0.09799488229073816 0.0921875
3 0.19490905390657298 0.4703125 0.09477895407749282 0.0890625
3 0.35907685398571526 0.43984375 0.08191524122451135 0.0765625
3 0.5573719499873647 0.4984375 0.08526756175762476 0.084375
3 0.5010741373718102 0.41953125 0.07530152837152997 0.0640625
3 0.5069868197416906 0.296875 0.06905152837152997 0.0640625
3 0.702100742940371 0.25 0.06257420783841638 0.05625
3 0.7509604771052534 0.4234375 0.07883570533113407 0.078125
3 0.9314616340065978 0.234375 0.04980142319868044 0.046875
3 0.8802544866721649 0.1953125 0.054534387305303154 0.0484375
