3 0.3910906432330171 0.47505181866204327 0.10669035178688588 0.09531434523075966
3 0.20855932752941708 0.405547569911443 0.0925641847906915 0.09268625269929238
3 0.18991143969642638 0.2706640070489699 0.06785334486680368 0.05966026514684701
3 0.32077943771926 0.2700934767552759 0.06498301285158128 0.06567346680652095
3 0.28899753851756277 0.18994495808394393 0.048466674904859806 0.042614475104890734
3 0.25917738733869916 0.11899384065736744 0.030833505931499073 0.03037458423309749
3 0.20099747281396269 0.11327755953848082 0.027390170950527093 0.02232528589277143
3 0.055413058783517835 0.1118478819487236 0.02914367193911027 0.02713118506293446
3 0.07486339574165614 0.09323959190676728 0.025636669961943914 0.017519386722608377
3 0.2058268942587814 0.09032531161307328 0.02563666996194396 0.017519386722608377
3 0.23567356174926735 0.08416947737997582 0.024137836958138335 0.01896348755244537
3 0.12934264870740567 0.07509232053614297 0.017824169961943914 0.01692739087179327
3 0.3760492109509646 0.15608925372497762 0.07751218775644109 0.10556476099766207
3 0.30828339079874023 0.09891721638231368 0.049294345855386903 0.06292697510489072
3 0.28192647923975334 0.07677045186016661 0.02908000494291585 0.025568685062934436
3 0.4856895133086918 0.2942027151329138 0.1264590237259961 0.12173513527271584
3 0.7732253695070209 0.5582480240466948 0.3722595909496523 0.4581266116270065
