3 0.9239108046759608 0.6297310151236252 0.15217839064807848 0.12097811867597627
3 0.8611369029183624 0.4973338348345754 0.08515717261538 0.05771925684847723
3 0.7236602137062433 0.48732206263875855 0.0631637734452168 0.05449916846619498
3 0.6570297433752373 0.530872075711013 0.06496307178554286 0.057742567636357836
3 0.6061524823775752 0.46086815164574074 0.03795028589277152 0.029285680913749702
3 0.7064834464848039 0.4265505060000628 0.036387785892771515 0.02916728174358667
3 0.6244638518787442 0.42255101284854 0.026420790041956365 0.020644386722608488
3 0.41730346993002065 0.49875035040562976 0.03986798340326061 0.034091580083912554
3 0.38366217573887945 0.4902992329790532 0.03963118506293437 0.030966580083912554
3 0.49169889606988537 0.4436116418974786 0.024858290041956367 0.020525987552445456
3 0.4332352006339887 0.43939866119351034 0.023058991701630303 0.017282588382282426
3 0.4475578097621954 0.42102716949188024 0.016690592531467274 0.015246491701630305
3 0.5721317572726845 0.4163019354639198 0.018253092531467275 0.015364890871793335
3 0.5954033139113803 0.40196674832639284 0.018253092531467275 0.015364890871793335
3 0.6186632151561359 0.3978470107739475 0.018134693361304244 0.013802390871793246
