3 0.36852122238407503 0.5033328602760767 0.12124886635259244 0.10261846656499998
3 0.20536569443884334 0.3907204914506252 0.1069129642790739 0.09916615824437507
3 0.21284458671041712 0.2515488886770835 0.07578054147037028 0.06413654160312507
3 0.3385089680487505 0.28265603115388915 0.07462814458064804 0.0687876740119445
3 0.3234396255888893 0.19540995108177112 0.05396433006601846 0.04647626291777782
3 0.30755007690847247 0.11753887100965303 0.03554652073518518 0.03201371941479172
3 0.25287213883120385 0.098260887727153 0.0301755155513888 0.024092116641250015
3 0.11206121112152789 0.06132131933854177 0.0337106186616666 0.028852351823611143
3 0.1343852704523612 0.04774978181947929 0.028202912441111082 0.019368249050069463
3 0.26110430386421307 0.07575010809187523 0.02820291244111104 0.019368249050069463
3 0.29150470334583345 0.07724052611989608 0.026777113477870353 0.02089438145888891
3 0.19118207459939823 0.042809015101979334 0.020253711404351817 0.017623911094166677
3 0.4130195354381022 0.18262096998347258 0.09536987153638865 0.10981271751493064
3 0.359151533129028 0.10934581772302114 0.0587297425071295 0.06529899810013892
3 0.3373934017906946 0.0806571200597225 0.033573917624907336 0.027289851823611145
3 0.4934705786518988 0.34575870924989627 0.1454477839774997 0.12969011284152793
3 0.7212184124875938 0.6775042442035076 0.4438619089542584 0.47500783852458356
