3 0.8887827494313463 0.8090465012112255 0.16526153855474385 0.18556712743398443
3 0.5628834357049126 0.7103230344927036 0.1692487015966055 0.16846144805083546
3 0.7199067099252004 0.5981384545403617 0.12920202174882983 0.1053068831160271
3 0.30284388532435175 0.5494228961016707 0.10168451680591399 0.08140573295387128
3 0.29204564817593304 0.48825357102059286 0.07722834486680367 0.0559966298696164
3 0.2834319935370283 0.43103140624794045 0.07285917984777565 0.06372730925276535
3 0.41429999155986197 0.442697383519769 0.0696068458553869 0.06054776217486459
3 0.4455473329666246 0.4049343307598255 0.06421900889724856 0.043278441558013546
3 0.5915455824723329 0.40982815665168226 0.07735567885919252 0.0591216298696164
3 0.1757269228905124 0.3689523717519415 0.051782675893442986 0.04462275324641087
3 0.2806200113315255 0.34654731209213907 0.05302684091247105 0.03683752678536116
3 0.2991126847535105 0.31481607102059284 0.04958350593149898 0.028970479707460584
3 0.2085221768448451 0.35076147930042345 0.04208934091247105 0.03664661201270887
3 0.17121317783342827 0.3454194143656153 0.05283583992388783 0.03215002678536116
3 0.16500959878395535 0.32498418344033875 0.05127333992388783 0.032122753246410875
3 0.041363851749704875 0.3087534370937867 0.041962006920082215 0.03352161201270887
3 0.005111969848213179 0.3033159147726524 0.010223939696426357 0.03475682954530477
3 0.004972706996631911 0.4353880750810779 0.009945413993263822 0.05515115016215581
