3 0.3921875 0.471875 0.0375 0.0296875
3 0.2625 0.478125 0.0515625 0.04375
3 0.5140625 0.48125 0.0375 0.0328125
3 0.396875 0.4953125 0.0421875 0.034375
3 0.61875 0.50625 0.0609375 0.08125
3 0.534375 0.521875 0.0515625 0.0546875
3 0.3046875 0.5234375 0.040625 0.05
3 0.375 0.525 0.0515625 0.0390625
3 0.246875 0.546875 0.0921875 0.09375
3 0.3734375 0.55 0.046875 0.0390625
3 0.0953125 0.5578125 0.153125 0.128125
3 0.38125 0.5828125 0.0671875 0.06875
3 0.196875 0.603125 0.1171875 0.1203125
3 0.034375 0.6375 0.06875 0.140625
3 0.309375 0.64375 0.0953125 0.0796875
3 0.5984375 0.690625 0.103125 0.1265625
3 0.290625 0.73125 0.1046875 0.0953125
3 0.090625 0.746875 0.18125 0.25625
3 0.8984375 0.775 0.203125 0.2015625
3 0.228125 0.83125 0.15 0.0875
3 0.3171875 0.43125 0.034375 0.0453125
3 0.3578125 0.4359375 0.0328125 0.040625
3 0.5375 0.4390625 0.03125 0.0375
3 0.190625 0.528125 0.0328125 0.0359375
