3 0.25625 0.5359375 0.08125 0.0671875
3 0.3203125 0.4984375 0.0734375 0.053125
3 0.096875 0.5140625 0.065625 0.059375
3 0.0203125 0.4359375 0.040625 0.0359375
3 0.6828125 0.5265625 0.10625 0.071875
3 0.478125 0.4375 0.0546875 0.0375
3 0.31875 0.3984375 0.0359375 0.0234375
3 0.225 0.36875 0.0375 0.028125
3 0.175 0.3515625 0.0203125 0.0125
3 0.3265625 0.365625 0.084375 0.059375
3 0.1875 0.2875 0.0359375 0.0140625
3 0.0796875 0.2875 0.0390625 0.0125
3 0.040625 0.2890625 0.0453125 0.015625
3 0.00625 0.36875 0.0125 0.0203125
