3 0.5053542138741688 0.7307460508376714 0.20706758930724706 0.18302204152049342
3 0.7953260374669874 0.6230649075302921 0.22785052616718496 0.1651633794672147
3 0.8521969347232121 0.5030588136520716 0.2144404735504665 0.1490290434976597
3 0.32524875589695634 0.6515718398867067 0.18622446828879458 0.14632053756616054
3 0.4584476637471118 0.5993806457044751 0.1581904735504665 0.14673703163466173
3 0.6513778873681655 0.5252706891649537 0.1517738735787013 0.1168585306460784
3 0.08401681114451079 0.6450339742968374 0.15112142619541977 0.13241986364988403
3 0.0496192673474886 0.5579451511788636 0.0992385346949772 0.10764535672980173
3 0.028991737057581884 0.49515599110275144 0.05798347411516377 0.09093801779449713
3 0.22269842149844526 0.4585632806088974 0.10031778939195171 0.08982118676785796
3 0.33994756370475954 0.5597835879095404 0.146631347270342 0.10885502965749527
3 0.29716780047999275 0.49138109779537215 0.14221686305535758 0.11335152866891214
3 0.20180906882525704 0.4157682855518132 0.0964647472985769 0.0771938527754692
3 0.170225139857827 0.3960115424718954 0.0834187157285458 0.06730951680591399
3 0.13257322141374067 0.37338446737675524 0.0644867052052021 0.06342051285158128
3 0.12749858453968543 0.34007721885963005 0.06908319994353027 0.06204901384016441
3 0.546105829419188 0.4726642954004639 0.14663134727034208 0.10885502965749509
3 0.48114025305435887 0.42387130973491993 0.12355786831702957 0.11415002471457943
3 0.41651631093274927 0.4093578235750844 0.10473227360693613 0.08532468775644109
3 0.36948168721287367 0.3738633339552077 0.10923776308359248 0.08239068874502423
3 0.33334676613795133 0.35195384186387313 0.08489021046687402 0.06581068380210837
3 0.29671131612383395 0.3386380997725385 0.07193518415851478 0.05748884783255317
3 0.6628830767177648 0.39464277167446776 0.13613346302712265 0.14272069368794008
3 0.5760579109045144 0.37323995695945084 0.10289675782192056 0.08057352076024671
3 0.4813138292780136 0.3272191442216003 0.0863617052052021 0.06431185079830275
3 0.5344080081748566 0.2720568003433798 0.08131018415851479 0.05787084980971961
3 0.6412348608480447 0.31135011060977236 0.09600972099021768 0.06938135277546902
3 0.7095522213431534 0.27583176327151077 0.07597023677523325 0.07324118182494202
3 0.6440028160532467 0.2504444441078696 0.07422572625188942 0.07005251482874755
3 0.7821328766330602 0.30093258095227715 0.09986276308359265 0.08200868676785786
3 0.8888155161379515 0.3293202247167669 0.14065436305535783 0.11328786167271768
3 0.7738051661661862 0.3636235819408603 0.11143729991529536 0.0933918557412186
3 0.8383597608056924 0.2588923195835707 0.09949874203690498 0.07575868676785787
3 0.07263677929213101 0.3586799802283365 0.03507222099021767 0.06689833992388783
3 0.01762930282848 0.44254032707230656 0.03525860565696 0.0617943458553869
3 0.006130360706870338 0.40242466304186164 0.012260721413740676 0.04827567391627667
3 0.2792199792356613 0.29102827072306564 0.11004139988706055 0.12295202174882984
3 0.24547431079157495 0.26824202813743947 0.09726838410204497 0.11775518577927464
3 0.4180395555299031 0.26276932505795914 0.10002936305535766 0.11163251977166348
3 0.45160321345064575 0.28868056764358535 0.07706229991529537 0.09199118182494201
3 0.37069411866996527 0.24599300193998527 0.07733531570031094 0.09667868182494202
