3 0.6209708135474322 0.9179262511312956 0.15460356415651583 0.1641474977374088
3 0.36640203193059967 0.8412550273331011 0.09925712523071262 0.0941395622055552
3 0.4722608081487614 0.8198768962775915 0.09557092072720579 0.10935445909527744
3 0.5365013857235125 0.7123664841193044 0.0431282387412331 0.0426167269557407
3 0.4890453948228112 0.705072102498147 0.039903109191583755 0.04078082488222208
3 0.4581656346437784 0.6843009812445823 0.028064443244739935 0.025761417624907423
3 0.5169095789682523 0.6870835201230545 0.02982720234403846 0.02902311866166656
3 0.5394249290605374 0.6544856336009248 0.02826470234403846 0.028886417624907422
3 0.5202546244647456 0.6716635716781933 0.028064443244739935 0.025761417624907423
3 0.48597975401439486 0.6670936488694897 0.02513970234403846 0.028613015551388798
3 0.5081749290605374 0.6517516128657397 0.01808866594684382 0.015566211404351904
3 0.4856688733850113 0.6474256978327304 0.018288925046142525 0.018691211404351905
3 0.5065320859080826 0.6406090613106008 0.016526165946843818 0.015429510367592414
3 0.4688621051864141 0.6522403369467582 0.016526165946843818 0.015429510367592414
3 0.4848072802325566 0.6363514967959712 0.011638406847545291 0.011894407257314655
3 0.5024954279808032 0.630042708200323 0.014963665946843818 0.015292809330833278
3 0.4883828632059785 0.6295936488694898 0.011538277297895938 0.010331907257314832
3 0.5023149552786992 0.6205993576819434 0.008313147748246586 0.008496005183796385
3 0.4631652128368383 0.7656582879835175 0.02533996144333699 0.0317380155513888
3 0.43305740824104644 0.7818793188034714 0.03289164558877822 0.05259731969842587
3 0.4514254788759673 0.7159221281343047 0.01732720234403846 0.027929510367592593
3 0.4633735687892194 0.6643302338364805 0.008713665946843818 0.014746005183796384
3 0.47792622455703065 0.6333925921305545 0.005188147748246763 0.00822260311027776
