3 0.4859375 0.584375 0.2 0.1546875
3 0.865625 0.5875 0.1875 0.1546875
3 0.7984375 0.49375 0.1484375 0.1328125
3 0.9015625 0.425 0.153125 0.1140625
3 0.56875 0.5515625 0.159375 0.140625
3 0.3703125 0.425 0.075 0.1125
3 0.1984375 0.5671875 0.1890625 0.203125
3 0.725 0.2546875 0.0984375 0.0734375
3 0.815625 0.3546875 0.0515625 0.103125
3 0.3703125 0.275 0.0421875 0.090625
3 0.4578125 0.1078125 0.01875 0.04375
3 0.196875 0.3953125 0.278125 0.315625
3 0.6046875 0.2046875 0.0828125 0.06875
3 0.571875 0.2515625 0.09375 0.0734375
3 0.571875 0.1046875 0.0453125 0.0328125
3 0.6796875 0.178125 0.0671875 0.0546875
3 0.134375 0.253125 0.13125 0.075
3 0.30625 0.2453125 0.08125 0.065625
3 0.55625 0.4671875 0.1765625 0.11875
