3 0.5421875 0.3953125 0.0625 0.065625
3 0.378125 0.4125 0.03125 0.03125
3 0.6625 0.415625 0.1 0.084375
3 0.584375 0.4515625 0.0828125 0.11875
3 0.65625 0.5 0.1234375 0.171875
3 0.515625 0.5078125 0.0578125 0.0578125
3 0.7609375 0.51875 0.065625 0.0546875
3 0.546875 0.5546875 0.0875 0.090625
3 0.796875 0.559375 0.0703125 0.0734375
3 0.6984375 0.5953125 0.096875 0.10625
3 0.8625 0.5953125 0.1 0.0875
3 0.559375 0.615625 0.096875 0.0890625
3 0.05 0.7375 0.1 0.1203125
3 0.5984375 0.7375 0.125 0.1515625
3 0.2078125 0.76875 0.13125 0.1171875
3 0.671875 0.8390625 0.1390625 0.071875
3 0.90625 0.753125 0.1875 0.2421875
3 0.384375 0.3796875 0.025 0.0203125
