3 0.4078125 0.3984375 0.1640625 0.1015625
3 0.15 0.36875 0.128125 0.09375
3 0.071875 0.2390625 0.1 0.08125
3 0.9046875 0.4703125 0.1875 0.096875
3 0.8671875 0.39375 0.159375 0.0734375
3 0.7859375 0.3203125 0.1375 0.0703125
3 0.6546875 0.3734375 0.1546875 0.0921875
3 0.6265625 0.2703125 0.128125 0.0703125
3 0.5171875 0.2828125 0.109375 0.0546875
3 0.49375 0.33125 0.1203125 0.065625
3 0.378125 0.2734375 0.1078125 0.0640625
3 0.49375 0.2390625 0.090625 0.0421875
3 0.409375 0.2171875 0.0890625 0.0515625
3 0.2265625 0.2375 0.0734375 0.04375
3 0.296875 0.2265625 0.078125 0.05
3 0.3140625 0.196875 0.0859375 0.0421875
3 0.2328125 0.203125 0.0625 0.0328125
3 0.128125 0.1984375 0.0703125 0.040625
