3 0.44086917285333127 0.7719205125365282 0.1525705375661605 0.1815071859797918
3 0.32018394114212007 0.6823105390376739 0.12228085969555132 0.1277275693385418
3 0.20558027167446777 0.6929369548814932 0.16654019566510653 0.14124586189159735
3 0.37272796239665834 0.5826566843642712 0.06986151384016441 0.06718880642076393
3 0.30207988137001907 0.5700644589655559 0.07110567885919253 0.05941267401194459
3 0.40048288927868453 0.5348192496187504 0.0519100098858317 0.048038762917777866
3 0.35383072376536484 0.5282594718833337 0.040654174904859806 0.03997168977951393
3 0.3591694811797387 0.49319414086128505 0.03721083992388783 0.03208645459715278
3 0.4162325646778358 0.49374030793937534 0.03408583992388792 0.03201371941479163
3 0.42525473760552923 0.46423464589527813 0.02595500494291585 0.024019381458888843
3 0.5656396570731816 0.454208295305938 0.03064250494291585 0.02412848423243048
3 0.6410733971873499 0.5028834910693756 0.06447367688202607 0.049892203647222286
3 0.15441040802458375 0.8356322947372572 0.10821835969555131 0.1274002610179167
3 0.26940269114212007 0.6811285923243059 0.04817751482874764 0.07136716014423605
3 0.4251419910655704 0.4478102120996878 0.017760502965749582 0.014462543502986236
3 0.41614899304273667 0.43821700655260454 0.014571835969555025 0.012827308320624908
3 0.5251074989742357 0.41260137034406297 0.03682883794672147 0.02271145459715278
3 0.48107099749136106 0.4186143277910073 0.05583350593149916 0.029397865691319323
3 0.45454033098945823 0.4172148287409379 0.016261669961943958 0.015988675911805573
3 0.4321241615218058 0.4299869324644101 0.011319501977166269 0.009629573138263936
3 0.4333046595446396 0.43939830005559066 0.016134335969555026 0.012863675911805572
3 0.4394100795065835 0.4239005866247226 0.009693334980972069 0.008030705547083272
3 0.4397920814837498 0.41452558662472255 0.006504667984777513 0.0063954703647222996
