3 0.9445131169019938 0.4110934692075512 0.11097376619601249 0.212282918682363
3 0.9375248893410859 0.6192150518778238 0.12495022131782818 0.21073860001590833
3 0.8469970249815442 0.40686104988864147 0.13785615514950217 0.22643632535009015
3 0.7336261374123303 0.3823797652371408 0.1393185255998528 0.2248920066836356
3 0.8323091710317477 0.6290724045592322 0.1308051187523077 0.21386360001590835
3 0.6098987407438179 0.3548916592536855 0.13276813695090492 0.2201317813494538
3 0.6038442095884106 0.6020211979233216 0.12864184145441176 0.204470418682363
3 0.7209210880583258 0.6233320292409588 0.1394792119047624 0.20303518801718107
3 0.4702411651716515 0.566829679941139 0.1310053778516064 0.21698860001590853
3 0.4836471213732013 0.33681491593732105 0.1354926187523077 0.2139181440165448
3 0.3619828724529355 0.31712112862032027 0.139979859653009 0.21084768801718107
3 0.35747105490033365 0.5517233952896383 0.13559274830195706 0.2154806440165448
3 0.21770764805278842 0.542404033975183 0.12904235965300898 0.21072041868236296
3 0.2521072247046889 0.31058132196850147 0.1316667119047624 0.2029442813494537
3 0.13081321560539025 0.3088653753182734 0.13855706199704748 0.23737382535009016
3 0.1036754264304185 0.5320034306572277 0.13180641424880085 0.2294886000159085
