3 0.12352457527054835 0.4617500453759315 0.05207157733927246 0.044049981849627426
3 0.21351432328136602 0.3815443949083933 0.02687158267027261 0.026717036104353477
3 0.498633115929367 0.5173763140172835 0.036519302673454136 0.05020907825883114
3 0.557380312579595 0.6381200851927182 0.020839758672817864 0.045430674668035034
3 0.5295643952498674 0.6117212116561512 0.016134077339272503 0.04384090359079629
3 0.42927404125559454 0.5701200398167867 0.016079533338636053 0.03915340359079629
3 0.530274014600594 0.48360075683569115 0.012845445337363514 0.02976022287263689
3 0.5468802592695938 0.46631780806535517 0.011246582670272431 0.026626132513557367
3 0.5310018152848659 0.35391780201523093 0.006395450668363623 0.012536361436318444
3 0.5060472686187294 0.35015699776050485 0.004832950668363622 0.012527271077238921
