3 0.7502036119112313 0.6450883032304593 0.30450787603436213 0.2566339973742709
3 0.4068819679344576 0.47801262794400257 0.1864294906906352 0.17870789735836254
3 0.46408703528804757 0.3281484406031393 0.1420431440165446 0.12351132001909004
3 0.15642962396563795 0.2512705039783646 0.12961586935072647 0.12961586935072641
3 0.31124439330045606 0.23853305195736557 0.11535337468172661 0.11226473734881744
3 0.22218244064291018 0.17239097863622868 0.09153406667727229 0.07917951734563582
3 0.3653420946451374 0.15432113661682048 0.0709852093411815 0.05863066000954502
3 0.2455023093173189 0.11509609929981972 0.07260225334181776 0.06333634134309048
3 0.34497559798695515 0.09206658461968398 0.06315452800763603 0.0569772533418178
3 0.24519377398950049 0.07448018996659245 0.05367044000636332 0.04749316534054513
3 0.18851705999363666 0.04467505864100118 0.048910214672181554 0.04118862133990878
3 0.30322444999204584 0.05505748062541099 0.039462489337999784 0.03482953333863612
