3 0.45584025684572016 0.7890028547157636 0.20400570357377176 0.1876163232558145
3 0.16281976870871823 0.7138283698320418 0.22511669961943914 0.1702681369509051
3 0.10382073663553662 0.6002479287467704 0.20764147327107324 0.15384210055371028
3 0.6307367805717163 0.6874169756275396 0.1837913626613009 0.15047726866002265
3 0.4975077865032153 0.6506808343576979 0.1557300296574951 0.15023743676633483
3 0.3014432114080751 0.5989519463270587 0.14983285672980173 0.12024954811738695
3 0.8710235409518396 0.653467981949061 0.14890702669174588 0.1357744185677376
3 0.9100316442216002 0.5611896468161708 0.11513952174883002 0.11023419802510173
3 0.9354574085560564 0.4946727752860859 0.08950285178688588 0.09300712523071261
3 0.7252693250579592 0.48198660085825223 0.09881418479069151 0.09204540252860874
3 0.6124907993547966 0.596952661932449 0.14482702174882983 0.1121366594684389
3 0.6530786486702246 0.5235745211240328 0.14033052273741298 0.11652377081949084
3 0.7443668349437909 0.43621302590439476 0.09517984882113631 0.07934514342931002
3 0.7750730068829013 0.41311548734773185 0.08229784684397004 0.06916910703211539
3 0.8114389298105946 0.3856809022148416 0.06342051285158128 0.0648425524363235
3 0.8151833537268711 0.35145609653931553 0.06804434585538673 0.06358044108527147
3 0.40434005973491993 0.5342664875046154 0.14482702174882983 0.1121366594684389
3 0.4669793225865012 0.4771839751661142 0.12164418973360736 0.11688471622369914
3 0.5305616615218058 0.45462665715208705 0.10331068380210837 0.08765829117755644
3 0.5760943374152488 0.4136802845422681 0.10787084980971962 0.0848336798265045
3 0.6116471768448452 0.3869768846345531 0.08379667984777565 0.06770673658176474
3 0.646818014297275 0.36964848472683814 0.07097834486680377 0.059093200184570094
3 0.28560198859411245 0.46869394740679293 0.1337276956651065 0.14571062307124444
3 0.37069191300468063 0.43733212831303164 0.10155718281352524 0.08287066162790727
3 0.4630823428524563 0.3805895774178676 0.08529551285158128 0.066244366131414
3 0.407961102738288 0.3300598488556674 0.08035334486680376 0.059693977482466035
3 0.30319800688290116 0.38287636335363684 0.09486151384016442 0.07153264342930984
3 0.23384051182581703 0.3549330336194174 0.07474001482874755 0.0749184592838688
3 0.29864976973448243 0.32148828038021493 0.0730501808363588 0.07169332973421945
3 0.16278125391715165 0.38797726866002263 0.09849584980971957 0.08423290252860856
3 0.06353329420191602 0.4298062183831674 0.12706658840383203 0.11642364126984166
3 0.17432890756747318 0.4505971846068665 0.1098790187830803 0.09587130937615385
3 0.10549267733913667 0.35219116054817307 0.09824118182494201 0.07798290252860855
3 0.870301935247802 0.36360444555186644 0.03392401384016423 0.06762759099298643
3 0.9463113369209573 0.4397547378091572 0.06804434585538673 0.06358044108527139
3 0.9557791788220115 0.39963038555740377 0.0456600098858317 0.04967862739018099
3 0.6629496916735927 0.31976840067368206 0.1079636917107738 0.12535855027685514
3 0.694596281103189 0.2928146768918438 0.0952726907221905 0.11987001387966068
3 0.5232332756659815 0.30768180598006784 0.09814302273741297 0.1138202729789592
3 0.4914593522439965 0.33776052976190607 0.07550401878308044 0.0936684592838688
3 0.5695644476050917 0.2855855629198981 0.0756950197716634 0.0983559592838688
