3 0.09934447159637627 0.7898535601631808 0.13305005357072247 0.11307053029369403
3 0.025268299515180302 0.702923167841495 0.050536599030360604 0.13394987012586873
3 0.4488104577966586 0.6151314443869895 0.0825591298696164 0.08115675684847723
3 0.45828268953271395 0.4747548981212558 0.057640950486467446 0.08394987012586892
3 0.3150082021146157 0.5925012730210095 0.11802507142762994 0.1462615385920639
3 0.15024231859155143 0.5558328350582901 0.07461026217486459 0.07275226099766208
3 0.2120116615295368 0.5035590174219321 0.042951159090609536 0.04694677759440165
3 0.2836002893705582 0.514518905594433 0.055423885551659155 0.04633147095570571
3 0.3347730515454228 0.44354263214921624 0.04117047077900686 0.034328378424238616
3 0.3799219103117208 0.4494840562144885 0.03845457386326192 0.057529080083912554
3 0.3947071590939048 0.4070122136830213 0.03648297077900686 0.033973180913749526
3 0.41991171063603244 0.39339907696041293 0.028561376623205348 0.02713118506293437
3 0.46773160186973434 0.38041290227044067 0.025409103084255237 0.02533188672260831
3 0.42565319602553575 0.37735967986484237 0.023819329545304767 0.02365098755244537
3 0.5724600121781599 0.37013640786951807 0.030260244317957152 0.0350620842330974
3 0.5530884492719467 0.3177693470816374 0.01592500892845372 0.018371491701630306
3 0.5450793060096497 0.4190241937622895 0.03174092370110628 0.030492983403260433
3 0.5984088575517772 0.40327987197674675 0.038045470779006864 0.034091580083912554
3 0.5693292836885153 0.4600985570396811 0.049201159090609535 0.047420374275053766
3 0.6428758778443168 0.44828379604201896 0.05542388555165907 0.04633147095570571
3 0.7145639172115796 0.4982469846294384 0.08102390340856669 0.0826008576783142
3 0.6478616124230412 0.5649384997762853 0.07323867694751698 0.08357136182749905
3 0.8382178311734532 0.610590851431315 0.10651482710967279 0.11262024440092269
3 0.8053859659143334 0.7035838348345754 0.12548301542127546 0.12654103444287906
3 0.8074253474055075 0.363254832759983 0.05843979139585791 0.04031826929603195
3 0.2591963530875504 0.43756624190212284 0.06189207386326192 0.05930506763635783
3 0.1836139261400334 0.5213152024848665 0.06035684740221221 0.06074916846619498
3 0.4450986712687694 0.3360951398228861 0.015843188311602675 0.013683991701630305
