3 0.8271976828320989 0.19296875 0.25304609514371956 0.1046875
3 0.6084210067969316 0.83828125 0.29550637978345584 0.1140625
3 0.13748431347348442 0.67109375 0.27496862694696883 0.3734375
3 0.5655458143314143 0.40546875 0.3734281059642724 0.321875
3 0.23890178015389657 0.73046875 0.15113190564770312 0.2
3 0.5181610343105317 0.6109375 0.1289841210079672 0.190625
3 0.6326126085380618 0.16796875 0.12254024122451135 0.0765625
3 0.3607005046188535 0.19609375 0.1283476235152496 0.16875
3 0.3962455480340782 0.26328125 0.12692151583511757 0.1734375
3 0.291440724597971 0.4015625 0.16872858260730733 0.2140625
3 0.11103415907942246 0.453125 0.15246708511458978 0.1921875
3 0.025793132950812304 0.359375 0.05158626590162461 0.1296875
3 0.04402983016653185 0.23203125 0.07927362602253202 0.146875
3 0.16817202381918342 0.2078125 0.13804087226160835 0.1796875
3 0.1467252696625483 0.32734375 0.15067726458147637 0.184375
