3 0.5413783261352204 0.22122384982908017 0.07047936597668389 0.0659719924781526
3 0.39651334418185236 0.35328149505194206 0.07900226099766208 0.075574313011266
3 0.4104439443869895 0.44719897961253585 0.07841026514684693 0.06776181301126591
3 0.46412320620984415 0.5617866653476286 0.07227866431700995 0.0691424565847754
3 0.42868169106299714 0.6282982154267709 0.0705977651468471 0.06753449247815269
3 0.37321386367837694 0.5784633514784329 0.07997276514684701 0.06780727711788863
3 0.2968765066247626 0.5674325747562555 0.07564046265733611 0.07235838479802066
3 0.31910485890449214 0.6650062567304247 0.08560745850815117 0.08044366943775678
3 0.39420975744995523 0.7540256411327337 0.07696616431700995 0.0692788489046432
3 0.2646271559954183 0.8490008235026142 0.09221265601864026 0.0853130258642473
3 0.16624885558049982 0.8510838122198432 0.09725535352912935 0.09013691818411544
3 0.2984083149138436 0.9587107926238019 0.08274256763635793 0.06321070533113407
3 0.5420160209464171 0.3053942613492781 0.03707487012586892 0.05720474623907634
3 0.4550460493660113 0.45525552052047813 0.03731166846619498 0.060329746239076346
3 0.2506140454173191 0.7355975530486432 0.03911096680652095 0.06350021034569905
3 0.12624008483457544 0.8132715751519669 0.038022063487173074 0.06970474623907634
