3 0.8680781435042967 0.5922401978507299 0.14975175103345748 0.09869468597979178
3 0.9689662855653605 0.5627364954377786 0.06206742886927898 0.05792290919430556
3 0.9161474623632155 0.5184403283596882 0.08485018899896417 0.0456774823325695
3 0.7114406916850512 0.4965068577106256 0.0674443651776464 0.040589938829583436
3 0.6643816011145105 0.45795219756638944 0.04669521753501123 0.03074216014423623
3 0.11932812034493294 0.5178434230620139 0.19542812406898658 0.10756184612402783
3 0.3785939584342742 0.5215366931979863 0.1065454065339753 0.0758377610179167
3 0.3739749249358281 0.4558753256068059 0.059631865177646404 0.04040810087368065
3 0.47661192741702746 0.4980647852379517 0.06312073821317572 0.04829333605604162
3 0.5598781916850512 0.49297920136611156 0.06453768899896399 0.04520470364722229
3 0.5822775765074046 0.4544803990294103 0.04982021753501122 0.03081489532659738
3 0.4967210661683225 0.44390461531006986 0.04818494292790554 0.029216027735416716
3 0.4689042812221345 0.4331119324644101 0.03397689371369381 0.02576371941479163
3 0.5389620700972639 0.4292797240675352 0.03866439371369381 0.025872822188333443
3 0.5829667812221345 0.4357667666205908 0.03361302067816432 0.01795121941479163
3 0.5895249962759463 0.4257741707809032 0.05109161910658777 0.02460126291777769
3 0.6567852708830522 0.42890047720166724 0.0512371683207995 0.027726262917777866
3 0.6948845843652875 0.4258852331855908 0.04782106989237604 0.021403527735416716
3 0.7946491439185814 0.4399133252255562 0.0434246683207995 0.02754442496187508
3 0.8631808200972639 0.4368259992375007 0.04164384449948209 0.022820557370694418
3 0.8278426335794993 0.43210147843593816 0.04157106989237604 0.021258057370694416
3 0.9819350124059969 0.4312325755098967 0.03612997518800611 0.021585365691319504
3 0.9010254224546287 0.4283420052214243 0.03837329528527036 0.019622822188333444
3 0.2627612890800173 0.39709777801975715 0.03390411910658786 0.024201219414791718
3 0.14564440963434722 0.36237532627239594 0.030633569892376134 0.02100348423243057
3 0.11283190963434722 0.36161160685760424 0.029071069892376133 0.020967116641249995
3 0.11373943817039449 0.34758547444878485 0.02743579528527027 0.019368249050069508
3 0.36917395491961746 0.3863077080156253 0.1600685128202816 0.052110626709236205
