3 0.7505191607088719 0.790625 0.32166826866768633 0.1671875
3 0.4059958189887027 0.7015625 0.24784103084255094 0.234375
3 0.39467471509366864 0.5453125 0.20617963636243813 0.175
3 0.6117979853862081 0.496875 0.21429214529089186 0.1921875
3 0.8489337467502939 0.43125 0.2608398628234877 0.1734375
3 0.9144302873353727 0.334375 0.16662621266133187 0.146875
3 0.8437944590078839 0.27109375 0.1556068920444808 0.1421875
3 0.6344467325468344 0.27265625 0.15242734496658022 0.1390625
3 0.6458557909888206 0.21015625 0.13801028896022594 0.11875
3 0.3673177337646504 0.23125 0.14922052434972918 0.134375
3 0.5184280405817836 0.384375 0.177809174511885 0.1609375
3 0.2490661603051302 0.48359375 0.2408273717519415 0.190625
3 0.38978088920181186 0.39921875 0.09494212743398442 0.1578125
