3 0.3138559156014889 0.20645355463148882 0.2402749314570917 0.13489915188677948
3 0.10000114406069131 0.7126424039983505 0.12683405773721595 0.1690348079967011
3 0.3960570967056447 0.7072180842566599 0.20729437343752685 0.2649670851145899
3 0.6203892387707846 0.7558614873970806 0.2068547576807463 0.23063754922121243
3 0.8310104074266323 0.5155333187507468 0.13434272084904322 0.21760870031656906
3 0.6703844495905944 0.4492454260351673 0.1336146787556686 0.20510870031656908
3 0.5392030680487983 0.4064321372387961 0.130216662970653 0.20033027210332383
3 0.9030464891943076 0.31952814845506017 0.10486805247554401 0.1668358105039836
3 0.6559902076948637 0.22888746192854464 0.08038472099021768 0.06785274122451135
3 0.5136353786991987 0.27544055001263523 0.11084503669052861 0.16233016693047428
3 0.4346535339891055 0.2450650767348126 0.11222552616718495 0.159250631037097
3 0.15203699701622825 0.37410875290299384 0.16063220506402778 0.21369409012915472
3 0.05574655496520573 0.31437238855894434 0.06736805247554414 0.1657446719450392
3 0.15035412869919879 0.2648701452228619 0.14694913666229376 0.19301787727617326
