3 0.188524257059629 0.24155814557572058 0.34866012351524955 0.18476041356328868
3 0.9630589072970558 0.7472684507902975 0.07388218540588838 0.2210445541766104
3 0.8220451138818312 0.37086011621561293 0.11504598997087001 0.0927397717116218
3 0.5941354110579795 0.2813396596388564 0.12088681301126591 0.07896837014004517
3 0.38109820196592176 0.2458881189017001 0.08288670783841656 0.06003427956950454
3 0.21809574828414036 0.31684708995136807 0.12998902837152987 0.07003001778268025
3 0.3638294486007095 0.432099600704735 0.1320516335443794 0.08729029238978611
3 0.42466766020004976 0.45273527833115945 0.10397209765100204 0.08754284946188076
3 0.5495061873179384 0.5220224716733497 0.1032279515702104 0.1155950748547749
3 0.8302370132613281 0.62551122891206 0.11393813103709682 0.10829199710451576
3 0.23391227955866417 0.5109053050051799 0.08719377461060622 0.10080482878371626
3 0.32535563347787244 0.5348093777930403 0.10116534639736088 0.09833480024766902
3 0.1957878054229116 0.5987349447899323 0.12487563103709695 0.10880141935425698
3 0.22225702870073433 0.6749506883797916 0.14564277210332371 0.12537248924663302
3 0.08477976075404567 0.6821361038051069 0.13346102084968253 0.1357277923897861
3 0.07835992768451995 0.7841352514477421 0.11443823620994646 0.12547949710451575
3 0.653016598375918 0.8262133579434454 0.1174723079967011 0.12250004631872784
3 0.8360564189090314 0.82551122891206 0.14412573620994634 0.12686221463952735
3 0.8741223717328829 0.9238738002521781 0.14119931301126593 0.07991444003242129
3 0.7094604781593736 0.9378015213018461 0.15177310015828455 0.06792386228216216
3 0.9422463021242062 0.6716156333791207 0.11550739575158744 0.13863446856846853
3 0.8726087181967508 0.5492184026095431 0.06868781551854823 0.054691808105551944
3 0.7832697703874641 0.40943461869681225 0.05319920783841638 0.05865156203449331
3 0.45577394154108053 0.17747841315351306 0.07829013605166182 0.06294095574818703
3 0.08232939601428474 0.43660527998378934 0.04993781551854848 0.053818512820281585
3 0.4200198934404953 0.9113846863128767 0.15400084138279588 0.14448636228216216
