3 0.29746222717424525 0.8302651953685112 0.23310443325224206 0.32547868778015676
3 0.30624791647661154 0.5284981068887091 0.14000789734428026 0.1665463054894186
3 0.463647326019336 0.46064771417312966 0.1104567527304745 0.18911998746358769
3 0.46912568725926274 0.3245738218532616 0.1037522347764936 0.110813131037097
3 0.31711775966436145 0.4055463401956617 0.09752041549465282 0.1137562746106063
3 0.292013741415793 0.28989024795493595 0.06914088544042354 0.06918792069139794
3 0.33384269311299525 0.21602919912943488 0.06913179508134393 0.06762542069139794
3 0.7944706000234412 0.3900945556224326 0.22954309601642037 0.2503877595669115
3 0.6566756842342006 0.3105243790585399 0.1162522347764936 0.11117684389007838
3 0.5866222594679698 0.2680390138565606 0.09745678298109546 0.10281877461060622
3 0.42430861182910196 0.2407360309453194 0.06756929508134384 0.06757995658477531
3 0.4201069251590144 0.2916309412118761 0.07857042759490121 0.07883570533113407
3 0.39954496116517196 0.20083845665128228 0.0550511143631847 0.06409124373179384
3 0.5200529038853838 0.16374397044133587 0.1667885659621911 0.2048191953020042
3 0.6879428231906657 0.5751946328194636 0.4675441075274936 0.6119403396669363
3 0.40788470199178983 0.10998613611816888 0.07394656010845857 0.089636813011266
