3 0.7632513827531844 0.6210339018371773 0.47349723449363135 0.44632252761592495
3 0.7962318758263149 0.4060732831755107 0.40753624834737 0.30103056852064736
3 0.6554859824222075 0.21249752337356603 0.15839900496239884 0.09322090263916642
3 0.39628861083442024 0.17163524340208408 0.1450257096771285 0.07337729434509237
3 0.19805447208312527 0.24388882662564848 0.18489303846084476 0.16089641819055522
3 0.47775058829422895 0.35434114519277865 0.2954709735308674 0.22970378972694389
3 0.42227333787994425 0.510590436663149 0.4083049214211714 0.3469486612633325
3 0.17867954156121663 0.4173748447689355 0.28867731803034935 0.2508952845431477
3 0.06638924917143048 0.2969830152685649 0.08325776385373888 0.15044835080120356
3 0.15546240363849118 0.1715251025446299 0.15589474317557445 0.13968579952888857
