3 0.8296875 0.7734375 0.1375 0.1265625
3 0.95 0.4890625 0.1 0.109375
3 0.415625 0.7703125 0.165625 0.14375
3 0.140625 0.765625 0.178125 0.1671875
3 0.5703125 0.628125 0.115625 0.096875
3 0.378125 0.6296875 0.13125 0.103125
3 0.2796875 0.5859375 0.1125 0.0890625
3 0.4078125 0.5125 0.0953125 0.090625
3 0.5484375 0.5296875 0.084375 0.06875
3 0.621875 0.465625 0.1015625 0.0953125
3 0.234375 0.4140625 0.071875 0.028125
3 0.55 0.41875 0.090625 0.10625
3 0.6484375 0.396875 0.0546875 0.0390625
3 0.7328125 0.3671875 0.109375 0.1359375
3 0.8140625 0.4265625 0.0671875 0.0625
3 0.7453125 0.4953125 0.0765625 0.0625
3 0.859375 0.3890625 0.0421875 0.0484375
3 0.8109375 0.353125 0.040625 0.04375
3 0.9890625 0.384375 0.0203125 0.05625
3 0.9734375 0.4296875 0.053125 0.0359375
