3 0.6745236765371846 0.7374435170702182 0.11737050649282174 0.10067268657189174
3 0.7116127991032003 0.5798628212267484 0.07937958279171564 0.0723295179539809
3 0.6409048327884204 0.5567975050681655 0.07450116801906326 0.06136474687674216
3 0.47793722848634934 0.5738163125443455 0.08077844155801372 0.06296360831306061
3 0.5848497017009879 0.5228810473208391 0.07433752678536117 0.05198974687674216
3 0.7554798015388322 0.49731394164005727 0.06013865909060954 0.0440954336450254
3 0.640376952918804 0.48180205024770545 0.06310001785690744 0.034738614363184796
3 0.6172161424482228 0.45276399004105095 0.04733865016215581 0.026835210772388506
3 0.7358161379839958 0.4448611073311019 0.04256932954530477 0.022120439695149586
3 0.5169121793798537 0.4795214118804155 0.055205697240056396 0.03000566256778665
3 0.4953956895261234 0.45517994203284073 0.05517842370110628 0.028443162567786652
3 0.40915422645775434 0.48201917710392195 0.0756545649348082 0.03793633723582168
3 0.30691561647364046 0.5322004634046672 0.07570911201270877 0.041061337235821685
3 0.2421849147693571 0.49354650868240285 0.07568183847375849 0.039498837235821684
3 0.06945652678206593 0.5331624788245654 0.0837125267853612 0.052044289031219645
3 0.3203174176087309 0.7181970507386847 0.1968512751605081 0.26830561416679294
