3 0.5324257781627363 0.8532116311182734 0.21478908404557534 0.18535918927901207
3 0.6415431729292993 0.8284230046969745 0.143763952503779 0.1422924577654509
3 0.7563869229292994 0.8351118914298553 0.1361488735787013 0.11849093671876361
3 0.5392757466632924 0.770300420580812 0.11630681043863902 0.09864887357870131
3 0.5342396361681836 0.7373059100574684 0.11877936305535766 0.11436487884037305
3 0.7337614940324565 0.7808493256589573 0.24396137357870132 0.12477029977412109
3 0.3696311045981525 0.7183753575819243 0.12337585779368573 0.11307539462538863
3 0.2105900335655825 0.6880900761530675 0.13300846302712274 0.14478042093374804
3 0.08611367833214552 0.6496961631118273 0.10306335779368574 0.1118923262236546
3 0.2797117598880592 0.6851085602974647 0.09176183674699834 0.10500528939195171
3 0.17473656257536482 0.6205994682887945 0.0761522472985769 0.07762374203690499
3 0.45003196516384847 0.6817923864505323 0.06099768415851479 0.05805469468185827
3 0.4182891415004425 0.6581427838479312 0.0540196420651398 0.04519067363517095
3 0.4797950598739417 0.7115554811606255 0.06788472099021767 0.06935621572854593
3 0.32092131783703665 0.6306709602551124 0.04758763154179615 0.04170165258848364
