3 0.6534757185651928 0.4722282849689405 0.19905937697836434 0.166484121007967
3 0.8677529025318194 0.4379000637361818 0.1841780054270668 0.1504499440483631
3 0.7569791768420788 0.4377971121659715 0.10844766508343398 0.104563131037097
3 0.5350123236081471 0.4742417628656167 0.12374511646291494 0.09876777210332363
3 0.482709517185712 0.47349996529375693 0.0832905348257091 0.07106866943775678
3 0.4390823479184066 0.4745707203083219 0.06059666327441171 0.054807171945039104
3 0.40865454149597136 0.47446542022917954 0.04094590456798421 0.03707410266556703
3 0.39002737222866607 0.4762636009497074 0.02968085594746528 0.03050585391920819
3 0.3181047845985665 0.5030330379384413 0.10129690637700665 0.08719377461060632
3 0.3713183158062309 0.47649928167023514 0.02787269448207601 0.025772889812585475
3 0.05682976989924539 0.5336535859725196 0.050812227498762796 0.046721887305303154
3 0.17410580110690987 0.5089838580758433 0.026228307326946254 0.024164925705962938
3 0.20428794606395573 0.5044016581549856 0.02762703301668674 0.021085389812585474
3 0.17480848597804746 0.4926230721824661 0.041273453188503284 0.043324102665567035
