3 0.516129026688577 0.6667648603584795 0.16744468597979179 0.15391065128862386
3 0.3263378684442019 0.5781538189740496 0.15000261284152785 0.14207239258219673
3 0.2620915708571532 0.47279461160167485 0.12264002583555564 0.10630531094499088
3 0.4176330560395143 0.46777183966626457 0.12743662860909738 0.11123847241038014
3 0.39130563896142395 0.41205078414834057 0.10018314437666671 0.08015889077317429
3 0.6026438356747921 0.451818211783389 0.11969686379145834 0.11395403663473154
3 0.5990993019554518 0.3667438489385187 0.10170927678548622 0.07867827792830413
3 0.8103654166968406 0.43702097015113195 0.1098854526972918 0.09471271370395282
3 0.785635560789167 0.3155111403229484 0.08746493882958326 0.07012879353213641
3 0.7659763710096531 0.27743128618450547 0.09033536569131932 0.05935506784239584
3 0.13227613107763928 0.44048780189987935 0.12209451196784729 0.08286781094499088
3 0.04857327830409759 0.44018126469932106 0.07830814437666674 0.07901247060135788
3 0.3755520459715281 0.3401315185445083 0.10930357123840277 0.0697127137039529
3 0.43843259925815997 0.28599289518418847 0.08699216014423623 0.049816293532136326
