3 0.41762370125868864 0.5296917511777786 0.21929721950581324 0.1697437378889811
3 0.7533728697248836 0.5600861313848162 0.25871491701630234 0.1778487638079625
3 0.553098337356597 0.44941990786944547 0.20476112282516112 0.16226342855814782
3 0.26364475104890717 0.4487916486331486 0.14566954274124866 0.11984219123481452
3 0.09442207698363489 0.5092096131950464 0.12040943361304193 0.1347057736099071
3 0.1032848236596426 0.3251961981620372 0.15741252614450912 0.15191239745537005
3 0.8838370066479845 0.2891503318559276 0.1943671518694554 0.10702912441111075
3 0.8291709722051056 0.169677161921946 0.08141686597668425 0.07076085080120356
3 0.09892736515149139 0.2469344971252779 0.06124607593472771 0.05037043836009243
3 0.5988071207505687 0.09781916017851963 0.06484467261537982 0.05689384043361101
3 0.5196281836130419 0.08036711149810283 0.07268048340326043 0.03740154665416653
3 0.11253773402796041 0.11519648157388909 0.1812518452307596 0.11829881508027747
3 0.8456704653566284 0.08644499688893678 0.306110135272716 0.14784819698425872
3 0.14758757885773469 0.7853134919414817 0.11314230788809568 0.18218636635259244
