3 0.7782353354374321 0.5145856148487874 0.0940689774824662 0.07967959172016936
3 0.7076830035437442 0.4852605791349724 0.08369268198597268 0.06389095048646745
3 0.9301192080472511 0.47353569520487093 0.07774307063492074 0.06846935633066593
3 0.9830644771733116 0.38639993384078525 0.0338710456533768 0.04141593262955982
3 0.3580019810262104 0.5571944857932453 0.12113212523071262 0.087955741882325
3 0.5411673295773359 0.44411560754518664 0.062278756939830336 0.04634889448011279
3 0.6896060271410124 0.38583727759284486 0.040864831893687815 0.02880683847375849
3 0.7751837793004807 0.34519073254353905 0.0427277205426357 0.03352161201270887
3 0.8212880212809163 0.3218038254815244 0.02287629549649317 0.016006829545304767
3 0.6751034361480259 0.3543690892812421 0.09669332973421944 0.07192163879807004
3 0.795457904069768 0.2597032459362197 0.03870155459579187 0.0194045649348082
3 0.9015379233480996 0.24672773335431794 0.041726425046142525 0.017896612012708868
3 0.9403500994739762 0.24350332182807644 0.048276813695090584 0.022693206168510206
3 0.989637503082319 0.3184993676881612 0.01702681369509058 0.02214773538950343
