3 0.09970127035353062 0.7627620759433897 0.19940254070706123 0.25052415188677946
3 0.06864934418882028 0.6500885797043134 0.13729868837764056 0.1595521594086268
3 0.42728744403185015 0.8645114102000496 0.2410764586155702 0.19422868778015676
3 0.5761587132537269 0.7859043400626478 0.2284126843053107 0.19073997492717537
3 0.3042637810961228 0.6887946931904331 0.18853131275401314 0.17397837226160817
3 0.3834433480340075 0.6261559523616331 0.15539790818602892 0.1371315901291547
3 0.12267402363289097 0.45112589396922065 0.08501680913596861 0.0742391335443795
3 0.017210214552693205 0.4141450680258309 0.03442042910538641 0.054579851411925874
3 0.8941108531223902 0.7208238754938066 0.10219766508343398 0.10438127461060631
3 0.7152256145423509 0.6256380929656415 0.10919129353213641 0.08898359514371953
3 0.9324197585948856 0.661690567892817 0.0471892605154494 0.066897994985435
3 0.6346273897571215 0.5959074773679508 0.08633364767057934 0.06959709765100204
3 0.7927740824301752 0.6239823162434643 0.08649742198083885 0.07272209765100204
3 0.7077716406616327 0.5737800762725941 0.08452548620519007 0.0648641335443795
3 0.6097402544110141 0.5482368555020539 0.08140048620519025 0.06477320533113406
3 0.5121216259623116 0.529747616784825 0.0879780348257091 0.07120506175762475
3 0.33303831354698266 0.46820104836328263 0.06684666327441154 0.05498902837152997
3 0.909256654795127 0.4168948934404953 0.14447369629109835 0.07752926959604131
3 0.01953017073764341 0.3760456744523217 0.03906034147528682 0.03564799498543501
3 0.08684606626051616 0.3882705413036537 0.06158595318850328 0.043915136051661904
3 0.16941622682139426 0.4102341210079671 0.05665279172311406 0.039091243731793845
