3 0.6623687825488827 0.6840668135329943 0.19511086463846716 0.16165803788306993
3 0.8104362094309089 0.6458451837153665 0.051841025703162555 0.12515281930985206
3 0.7837463754385199 0.647112752773117 0.08695085475263546 0.10735331411407198
3 0.7480953769213947 0.6375685079688971 0.0779923488211363 0.07868201089576328
3 0.5822647884803818 0.650260260062584 0.09224584980971962 0.08435285668871906
3 0.3925656185184378 0.6526647221795141 0.09250051779449713 0.09060285668871888
3 0.19468919262499484 0.6827025113999664 0.08369852076024667 0.10400979282674853
3 0.22907878007742472 0.6655203652386937 0.10219385277546911 0.09907092055068922
3 0.2770533650583967 0.6610403148703765 0.060422846843970035 0.06810514381548423
3 0.30630978353746585 0.6544678867781186 0.06472834486680368 0.05905792574646931
