3 0.1484375 0.821875 0.11875 0.084375
3 0.2140625 0.7515625 0.084375 0.0640625
3 0.2671875 0.6921875 0.0671875 0.0625
3 0.359375 0.740625 0.0703125 0.0609375
3 0.35625 0.6921875 0.05625 0.053125
3 0.0296875 0.7953125 0.059375 0.175
3 0.9640625 0.753125 0.0703125 0.13125
3 0.8875 0.690625 0.1421875 0.1125
3 0.465625 0.53125 0.05625 0.059375
3 0.5125 0.5484375 0.03125 0.0265625
3 0.4328125 0.5328125 0.0109375 0.021875
3 0.421875 0.525 0.021875 0.0203125
3 0.4265625 0.5109375 0.021875 0.0171875
3 0.409375 0.5 0.021875 0.0140625
3 0.390625 0.5078125 0.021875 0.01875
3 0.346875 0.5328125 0.0265625 0.0234375
3 0.33125 0.521875 0.021875 0.0171875
3 0.3421875 0.490625 0.01875 0.0125
