3 0.6744064668493406 0.30627466667300324 0.12423889342673622 0.10227154800821019
3 0.6518385229857641 0.17591954616149846 0.09593205547083343 0.0942954215447771
3 0.9466431831300003 0.49999180865453036 0.10671363373999938 0.11161927693097126
3 0.7532107993900006 0.6707093505144204 0.1714775693385416 0.1181692587805987
3 0.13259113449611176 0.7618318586076481 0.164137848023889 0.13843630698520054
3 0.19299803837208382 0.570829608705844 0.15421733415618064 0.11494426483072288
3 0.09897462822784767 0.5260579850710811 0.14309799620027785 0.10706813231716553
3 0.39761149676895874 0.4993171813073344 0.1368116286090973 0.10546927088084708
3 0.4100913533422226 0.39766832289607806 0.12587412860909736 0.10540563836728989
3 0.5867473851617018 0.5349405430382405 0.3616324034947224 0.23332260187015272
