3 0.6814712459023227 0.7355875415062159 0.12314769334818117 0.1122116721120836
3 0.41065076324795846 0.6386345806407989 0.10912155601527207 0.11500936379145835
3 0.1865501919160039 0.623259581306389 0.23601241470399828 0.2804187710859029
3 0.18021092727563903 0.42930955955489597 0.24547722668681726 0.15411084422416685
3 0.4522030112587762 0.5598926380114935 0.11860564401654479 0.12460256933854179
3 0.6032387999284123 0.5415271105604171 0.10732269867918127 0.09466049620027803
3 0.7372047199236398 0.579810973401945 0.09326019867918127 0.09433318787965277
3 0.7534120699395482 0.4629689655181604 0.08842724801081765 0.08172408510611114
3 0.6470262572804115 0.4050090355222922 0.09485906134627217 0.09749455547083344
3 0.8239614746180932 0.37708732332569517 0.06627952800763595 0.05777743882958344
3 0.7322466892902747 0.3343166354460423 0.06795111600890866 0.06718880642076393
3 0.7405955386298653 0.28840472340194506 0.061537484006999675 0.052980836056041716
3 0.534037003302047 0.2429610175705213 0.0678965720082724 0.06250130642076393
