3 0.1234375 0.6515625 0.0703125 0.1234375
3 0.3265625 0.65 0.065625 0.1265625
3 0.3703125 0.5765625 0.053125 0.11875
3 0.425 0.4734375 0.0390625 0.0890625
3 0.1515625 0.49375 0.046875 0.103125
3 0.23125 0.521875 0.046875 0.1015625
3 0.3296875 0.4265625 0.0484375 0.08125
3 0.2625 0.434375 0.0390625 0.08125
3 0.215625 0.396875 0.0453125 0.0796875
3 0.2484375 0.3625 0.03125 0.0640625
3 0.3734375 0.359375 0.028125 0.0625
3 0.3515625 0.38125 0.034375 0.078125
3 0.4265625 0.409375 0.0375 0.059375
3 0.4484375 0.39375 0.028125 0.075
3 0.4390625 0.34375 0.03125 0.0546875
3 0.43125 0.30625 0.03125 0.040625
3 0.4 0.3046875 0.025 0.0359375
3 0.3265625 0.3 0.025 0.028125
3 0.271875 0.31875 0.0296875 0.059375
3 0.8734375 0.5296875 0.1484375 0.1359375
3 0.7296875 0.3859375 0.1 0.1
3 0.7734375 0.30625 0.0671875 0.0390625
