3 0.26091671487760515 0.656480320899336 0.1038249576491305 0.1275237024816745
3 0.08490366072107489 0.7086158933112812 0.08163179508134392 0.07130655347041018
3 0.24338482299427389 0.4484164486232768 0.09909200585373253 0.11938342055068922
3 0.09066888915285672 0.38881149170212675 0.0801420179539809 0.08369729282674854
3 0.23105858157848091 0.15096229441623235 0.08641019867214013 0.08725933540139544
3 0.49890006655136626 0.1540990940282448 0.0879454275949012 0.08268109604505716
3 0.42731037110068 0.37854707299302287 0.09590337334017515 0.10822739926336586
3 0.5460063498270493 0.24529789439656188 0.0880181504675381 0.09518109604505716
3 0.597741045768715 0.34632516283389375 0.09119769262201594 0.10477461733238061
3 0.5016695007855669 0.48345881209725955 0.08490224082661779 0.09652507475773361
