3 0.5734375 0.9125 0.1 0.1734375
3 0.3421875 0.7734375 0.0796875 0.0671875
3 0.45 0.7703125 0.06875 0.0859375
3 0.534375 0.6765625 0.0328125 0.03125
3 0.4890625 0.6609375 0.03125 0.03125
3 0.4625 0.6359375 0.021875 0.01875
3 0.5203125 0.6484375 0.0234375 0.021875
3 0.5484375 0.6203125 0.021875 0.021875
3 0.5265625 0.634375 0.021875 0.01875
3 0.49375 0.6234375 0.01875 0.021875
3 0.51875 0.6125 0.0140625 0.0109375
3 0.496875 0.6046875 0.0140625 0.0140625
3 0.51875 0.6015625 0.0125 0.0109375
3 0.4796875 0.60625 0.0125 0.0109375
3 0.4984375 0.59375 0.009375 0.009375
3 0.5171875 0.590625 0.0109375 0.0109375
3 0.503125 0.5875 0.009375 0.0078125
3 0.51875 0.58125 0.00625 0.00625
3 0.4515625 0.715625 0.0171875 0.0265625
3 0.41875 0.7265625 0.01875 0.046875
3 0.45 0.665625 0.009375 0.025
3 0.471875 0.6171875 0.0046875 0.0140625
3 0.4921875 0.5890625 0.003125 0.0078125
