3 0.21173331409131396 0.6714699581401099 0.12554653469127164 0.1819681383672897
3 0.08089984273549684 0.5065949127641783 0.11264654535327182 0.14752041549465283
3 0.18231689206713328 0.49350403942400317 0.10639654535327177 0.14748405405833437
3 0.2866873134149962 0.5999353257247485 0.11597154002227175 0.16472609621281223
3 0.32921007340067876 0.49421204567051913 0.10003745735199913 0.13807269262201594
3 0.3863145960773146 0.5673222927436529 0.10178177068745357 0.15370678298109547
3 0.4283651887332697 0.4881660578689634 0.1094670013526354 0.1428147347764936
3 0.6092162940801782 0.5871206665748073 0.12681813335454456 0.1569772287263694
3 0.5265117873965426 0.4625933652469475 0.10308973201781732 0.13184087334017516
3 0.6476419000636334 0.46501386241827714 0.09522268801718106 0.12710792154477701
3 0.7251674633990879 0.480188889643836 0.09682155068427196 0.13024201190385654
3 0.7400652100572701 0.4175979860530399 0.08375792934436319 0.08173178903121965
