3 0.1734375 0.78125 0.1203125 0.0921875
3 0.496875 0.596875 0.078125 0.071875
3 0.609375 0.6546875 0.0734375 0.0625
3 0.7859375 0.325 0.028125 0.01875
3 0.8625 0.26875 0.01875 0.015625
3 0.9890625 0.2546875 0.0140625 0.0109375
3 0.9640625 0.2484375 0.0140625 0.0109375
3 0.934375 0.2359375 0.0109375 0.0078125
3 0.9109375 0.2359375 0.0109375 0.009375
3 0.9375 0.2265625 0.009375 0.0078125
3 0.915625 0.2296875 0.0109375 0.009375
3 0.921875 0.2171875 0.009375 0.00625
3 0.965625 0.2203125 0.009375 0.0078125
3 0.9765625 0.2171875 0.009375 0.0078125
