3 0.7285469289728166 0.6090098348926214 0.15587962743398442 0.16673101564384113
3 0.3385083100602489 0.6653549003105835 0.1623750892845374 0.18115753669052861
3 0.3529235917168741 0.550336845063029 0.10169095941492116 0.10269933674699842
3 0.873316137983996 0.3902080850337956 0.11583528003177221 0.10820588410204497
3 0.4633644395261234 0.425815716222656 0.10865007142762977 0.14368835779368574
3 0.5371059025944925 0.3941492162932432 0.08253185633066593 0.07816977360693622
3 0.6343803230491878 0.3665863874387526 0.0777352621748646 0.07164675782192056
3 0.6123183624164505 0.31234620847132255 0.06816934740221221 0.0601632262518895
3 0.4945814374975285 0.33249835572754716 0.058603432629560005 0.04867969468185844
3 0.2965354496723932 0.411289026590708 0.06353639448011297 0.06301521046687383
3 0.315330314120734 0.3679639608198098 0.052353432629559826 0.048315673635170954
3 0.35316155072805333 0.33995308190884954 0.05073638555165925 0.04509966837349921
3 0.41644280072805334 0.3362673688111396 0.05399775324641087 0.05309417889684287
3 0.11377354261037853 0.4696383948371502 0.06191934740221221 0.0597992052052021
3 0.030129199672393154 0.4268054237057582 0.04613070616851019 0.04951415258848364
3 0.23597405072805336 0.3467784765342382 0.04286933847375849 0.041519642065139896
