3 0.6550705625490476 0.4340778851886348 0.05163670783841656 0.05974634059717552
3 0.5789399715619631 0.44356786364920975 0.030460389812585476 0.02863845222957302
3 0.4712555036944167 0.46722424891471925 0.04207985141192587 0.052840776735205
3 0.5104543960142847 0.47464326500626264 0.03854567445232178 0.038559755447881726
3 0.4419233563599837 0.5041561663633154 0.0844779515702104 0.11661905347041035
3 0.3885172115328332 0.5175741741569855 0.061011707838416473 0.06040190445914604
3 0.6306676076136248 0.5064392042463853 0.05150031551854859 0.055058840597175515
3 0.4998866205457487 0.5401754298569688 0.06280152837152997 0.06832366510280767
3 0.8107990399835053 0.6414419069801613 0.12009720282385175 0.10819454827463008
3 0.24278012885901887 0.7607728810781355 0.1556542695960413 0.15122328243518837
3 0.4616952649106808 0.8353351105471166 0.15767141066226814 0.16695754307884983
