3 0.3070605383720838 0.5684569092934564 0.22787434612402793 0.1932249306969986
3 0.06076480698944483 0.46191819732654577 0.1053096683123613 0.22928860534690845
3 0.4912887615865976 0.49285583060154836 0.14469686379145835 0.1094670013526354
3 0.44157839589527814 0.43873195194145725 0.07020470364722228 0.06329997867599957
3 0.6302408523922921 0.4193445105824584 0.06678876291777769 0.05076361600890866
3 0.4960113227570142 0.42715810526736664 0.060284189779513754 0.03975339067472685
3 0.5613090144363893 0.412331989258458 0.05403418977951393 0.03968066534054504
3 0.9232998681598614 0.3862389198759148 0.06482752583555573 0.10072725334181776
3 0.9726140565629342 0.3887275732018242 0.05477188687413168 0.13666475334181777
3 0.7399782218833336 0.36649113590073185 0.03379442496187508 0.04256930800445433
