3 0.4618645920949972 0.657566475505876 0.09295251666989941 0.09244945435896632
3 0.32618192573435856 0.5886532999907113 0.08373701333591957 0.07466995850815117
3 0.4913920796771616 0.4860699838042458 0.06734673879011233 0.06411096680652104
3 0.4386177660416797 0.4667764547599516 0.05149859818322895 0.04117037427505359
3 0.515243909982543 0.42214919376228954 0.06176641848667064 0.05281826929603195
3 0.5917744590741575 0.39771603359446434 0.04174096091032524 0.03577247925407558
3 0.6322399624081373 0.3775685543403887 0.031473140606883554 0.0241245842330974
3 0.6672846421046955 0.3857828734266392 0.03003818636451818 0.02556868506293437
3 0.7223228284692136 0.3583198016410964 0.028348140606883378 0.023887785892771428
3 0.7477054657421173 0.351737914918488 0.026658094849248925 0.0222068867226084
3 0.7730881030150207 0.34515602819587965 0.028220594849248926 0.02232528589277134
3 0.7744911063490008 0.3279685281958796 0.027965503333979846 0.01920028589277134
3 0.12181290331458323 0.48612398630304554 0.06632637272903605 0.051610966806520865
3 0.18606659301308115 0.4408814186666875 0.04929836939505616 0.03323947510489056
3 0.30248881846727393 0.4413764809044608 0.04891573212215263 0.028551975104890735
3 0.14821564877265536 0.3909531962610892 0.10341178454774687 0.06839664772027047
3 0.40516727937759917 0.4009864340140273 0.039413186364518 0.026279080083912554
3 0.36492491665050275 0.3993773124382659 0.03772314060688355 0.024598180913749525
3 0.4944529199844826 0.3724810804848979 0.03447059484924893 0.02279888257342346
3 0.45771819453028983 0.36594766056881045 0.027965503333980023 0.01920028589277143
3 0.5286684233184625 0.35280719791147436 0.02614791181871077 0.01595688672260831
3 0.822290877560828 0.3321106539208259 0.026275457576345217 0.017519386722608398
