3 0.878125 0.8078125 0.1734375 0.1515625
3 0.8453125 0.671875 0.1578125 0.1296875
3 0.95625 0.590625 0.0859375 0.0875
3 0.7921875 0.5859375 0.1171875 0.103125
3 0.9828125 0.6828125 0.034375 0.09375
3 0.753125 0.53125 0.0953125 0.075
3 0.7390625 0.4890625 0.0828125 0.059375
3 0.71875 0.453125 0.0625 0.0515625
3 0.725 0.4140625 0.0671875 0.065625
3 0.715625 0.378125 0.0515625 0.0390625
3 0.9140625 0.459375 0.153125 0.1984375
3 0.8640625 0.4 0.125 0.1546875
3 0.840625 0.328125 0.1046875 0.1125
3 0.9234375 0.246875 0.0546875 0.065625
3 0.5078125 0.259375 0.0984375 0.08125
3 0.190625 0.45 0.1328125 0.1203125
3 0.709375 0.2265625 0.0890625 0.065625
3 0.8109375 0.221875 0.0921875 0.046875
3 0.7546875 0.2984375 0.046875 0.0453125
3 0.9234375 0.31875 0.046875 0.0453125
3 0.1078125 0.921875 0.2 0.103125
3 0.1953125 0.7375 0.15 0.1609375
3 0.2515625 0.615625 0.121875 0.1046875
3 0.0546875 0.58125 0.1078125 0.128125
3 0.075 0.4234375 0.1078125 0.090625
3 0.1671875 0.3703125 0.0796875 0.053125
3 0.30625 0.3734375 0.071875 0.0578125
3 0.346875 0.465625 0.0859375 0.0796875
3 0.2859375 0.3234375 0.0625 0.0453125
3 0.3734375 0.3390625 0.059375 0.04375
3 0.45625 0.35625 0.059375 0.053125
3 0.503125 0.334375 0.05 0.046875
3 0.4171875 0.31875 0.046875 0.034375
3 0.3828125 0.2984375 0.0453125 0.0359375
3 0.3203125 0.3078125 0.0484375 0.0390625
3 0.4125 0.284375 0.040625 0.034375
3 0.396875 0.4171875 0.065625 0.059375
3 0.4203125 0.3984375 0.0671875 0.05625
3 0.3796875 0.4453125 0.0640625 0.065625
3 0.53125 0.3125 0.0453125 0.0390625
3 0.571875 0.2984375 0.046875 0.040625
3 0.596875 0.284375 0.0421875 0.0375
3 0.6484375 0.2734375 0.0359375 0.028125
3 0.684375 0.2640625 0.0390625 0.028125
3 0.5671875 0.2609375 0.0328125 0.0265625
3 0.603125 0.2578125 0.046875 0.034375
