3 0.73125 0.8484375 0.090625 0.1140625
3 0.73125 0.7203125 0.084375 0.1234375
3 0.6015625 0.7359375 0.1171875 0.1375
3 0.6234375 0.63125 0.1078125 0.1328125
3 0.6671875 0.5796875 0.1078125 0.11875
3 0.5484375 0.503125 0.1109375 0.1328125
3 0.50625 0.571875 0.1140625 0.14375
3 0.578125 0.43125 0.0921875 0.1015625
3 0.3828125 0.4390625 0.09375 0.103125
3 0.3359375 0.3328125 0.0875 0.103125
3 0.446875 0.359375 0.0921875 0.10625
3 0.48125 0.3015625 0.084375 0.0953125
3 0.3828125 0.2640625 0.0734375 0.0921875
3 0.43125 0.18125 0.0703125 0.1171875
3 0.2953125 0.23125 0.071875 0.0953125
3 0.353125 0.16875 0.0625 0.0921875
3 0.2421875 0.125 0.0984375 0.059375
