3 0.4750896596388564 0.5763878072274657 0.22711907981717355 0.18350579545304768
3 0.10447336848741533 0.5337419801144977 0.20894673697483065 0.1848773806803951
3 0.1844005012428543 0.4487572796280303 0.17431941149637403 0.15604326866768634
3 0.09528880541946473 0.36756755519557555 0.17344611621110373 0.13729326866768643
3 0.39978359863782037 0.5339878474055075 0.18562078453190328 0.16404668344033874
3 0.6183945115819365 0.43259512256931093 0.09637419396136267 0.12501936525911966
3 0.7607167905322685 0.5948206128300784 0.22625009263745532 0.23188874837514692
3 0.3012028192732036 0.2203401789794072 0.11181510339082212 0.08781937418757346
3 0.19325757857882853 0.3088726193196048 0.07071922249741003 0.11052048863591431
3 0.6456205992569929 0.28380306656295656 0.059126751033457305 0.09626707386326191
3 0.5906356544670607 0.10678264489044528 0.025475188998963994 0.0441591030842551
3 0.794430472706807 0.42405809943739764 0.335124286598818 0.3571263019458694
3 0.4285123360224266 0.18533215909390482 0.09589900496239867 0.08129663879807003
3 0.4519284112914862 0.2356633957012242 0.10720037799792799 0.08930005357072242
3 0.479008949752331 0.08999633969486978 0.05189213978475227 0.041497753246410876
3 0.35991003928941423 0.1498407183466701 0.07485875889134012 0.06531708279171564
3 0.8818299270072518 0.29060862541198 0.1449187018192454 0.09464211850553053
3 0.7145354191493691 0.26230416761861675 0.09262845574818712 0.07811709172016937
3 0.42782301551087787 0.4515338575517772 0.19724748924663302 0.1455148717519414
