3 0.5515625 0.759375 0.128125 0.121875
3 0.578125 0.6109375 0.103125 0.1109375
3 0.80625 0.6546875 0.109375 0.1140625
3 0.8359375 0.8 0.15625 0.15
3 0.8171875 0.553125 0.0984375 0.0875
3 0.6046875 0.4984375 0.0875 0.0875
3 0.8015625 0.4484375 0.090625 0.0890625
3 0.8234375 0.3796875 0.0828125 0.08125
3 0.6390625 0.36875 0.075 0.078125
3 0.6375 0.4484375 0.090625 0.078125
3 0.30625 0.440625 0.1078125 0.0921875
3 0.1046875 0.4640625 0.109375 0.0828125
3 0.2828125 0.2953125 0.0765625 0.0609375
3 0.38125 0.3265625 0.078125 0.071875
3 0.6859375 0.2625 0.071875 0.0671875
