3 0.7921875 0.803125 0.2484375 0.1953125
3 0.971875 0.6875 0.05625 0.221875
3 0.3453125 0.775 0.275 0.2953125
3 0.5875 0.490625 0.178125 0.225
3 0.740625 0.409375 0.1359375 0.1
3 0.8921875 0.375 0.13125 0.0875
3 0.8359375 0.3171875 0.1109375 0.078125
3 0.7703125 0.25 0.1 0.0734375
3 0.4984375 0.4203125 0.125 0.115625
3 0.4765625 0.3671875 0.109375 0.1078125
3 0.459375 0.2890625 0.071875 0.065625
3 0.6578125 0.2828125 0.0953125 0.0890625
3 0.5984375 0.240625 0.0828125 0.0671875
3 0.715625 0.1828125 0.0734375 0.053125
3 0.728125 0.1484375 0.0640625 0.0453125
3 0.2953125 0.4203125 0.2703125 0.475
3 0.4015625 0.1828125 0.165625 0.1796875
3 0.5796875 0.1484375 0.109375 0.1609375
3 0.9609375 0.20625 0.06875 0.0609375
3 0.8671875 0.5140625 0.1640625 0.1203125
