3 0.33621874866881984 0.46361100558157126 0.0512728656913195 0.057016287427387444
3 0.4132351903481948 0.45315084863331123 0.030305749050069507 0.027945217535011224
3 0.5247175510055212 0.44819798304138 0.04178876291777787 0.05189213978475227
3 0.4907789620996878 0.4653469416850512 0.038300087005972115 0.03612159057054054
3 0.5682863662600004 0.47598053473679103 0.08223323138263901 0.11308650496239885
3 0.6244636310776392 0.47547542059260195 0.060647865691319504 0.05745293507002262
3 0.3891450333380907 0.5246063176160646 0.04960126291777787 0.05225601282028158
3 0.5272626291777782 0.5240156203449329 0.06239220364722229 0.06533820967712849
3 0.27299662252826445 0.6979089228689135 0.11791615824437507 0.10382282092583353
3 0.8622942054501742 0.6683864743549276 0.15320034802388918 0.14448636228216233
3 0.6849348844961117 0.7935747572342011 0.15516289152687507 0.1617466368892682
