3 0.3890625 0.8578125 0.2296875 0.090625
3 0.090625 0.8578125 0.18125 0.0875
3 0.1484375 0.7640625 0.253125 0.196875
3 0.4578125 0.7828125 0.221875 0.1765625
3 0.4953125 0.659375 0.1796875 0.1390625
3 0.2640625 0.6421875 0.1765625 0.1484375
3 0.3140625 0.55625 0.1578125 0.115625
3 0.31875 0.4921875 0.1390625 0.0828125
3 0.5578125 0.4953125 0.134375 0.1078125
3 0.4984375 0.55625 0.159375 0.1140625
3 0.7484375 0.496875 0.1421875 0.115625
3 0.9578125 0.4390625 0.0828125 0.1046875
3 0.93125 0.3921875 0.1109375 0.0859375
3 0.890625 0.3546875 0.1015625 0.0796875
3 0.8625 0.3078125 0.0859375 0.0671875
3 0.828125 0.2671875 0.1671875 0.0671875
3 0.9359375 0.234375 0.128125 0.05625
3 0.7125 0.353125 0.1015625 0.090625
3 0.7203125 0.309375 0.0953125 0.0640625
3 0.7046875 0.2453125 0.1515625 0.053125
3 0.65625 0.196875 0.1 0.04375
3 0.546875 0.4328125 0.1140625 0.1
3 0.58125 0.403125 0.1015625 0.103125
3 0.56875 0.3328125 0.0921875 0.059375
3 0.5671875 0.3078125 0.0953125 0.05625
3 0.3375 0.240625 0.1375 0.0578125
3 0.365625 0.4421875 0.115625 0.1015625
3 0.3234375 0.40625 0.1015625 0.08125
3 0.43125 0.31875 0.0859375 0.078125
3 0.3921875 0.346875 0.09375 0.0703125
3 0.3703125 0.3703125 0.10625 0.08125
3 0.546875 0.1796875 0.0484375 0.040625
3 0.4953125 0.178125 0.0421875 0.0375
3 0.4546875 0.1703125 0.046875 0.0375
3 0.5921875 0.1703125 0.05 0.04375
3 0.1984375 0.4453125 0.040625 0.1015625
3 0.040625 0.5078125 0.08125 0.4234375
