3 0.4609375 0.9234375 0.3515625 0.0984375
3 0.5765625 0.821875 0.30625 0.240625
3 0.7171875 0.55 0.2453125 0.209375
3 0.8859375 0.38125 0.184375 0.1625
3 0.9609375 0.2359375 0.078125 0.134375
3 0.040625 0.371875 0.08125 0.146875
3 0.228125 0.4078125 0.203125 0.1640625
3 0.45 0.253125 0.1828125 0.165625
3 0.6171875 0.165625 0.128125 0.1171875
3 0.7046875 0.1296875 0.1109375 0.0890625
3 0.3484375 0.18125 0.1515625 0.0953125
3 0.146875 0.175 0.159375 0.1046875
3 0.0703125 0.1171875 0.140625 0.128125
3 0.1890625 0.08125 0.13125 0.0875
3 0.384375 0.0765625 0.1375 0.090625
3 0.54375 0.1046875 0.1515625 0.096875
3 0.55 0.05 0.1140625 0.0453125
3 0.7 0.0546875 0.1265625 0.05625
3 0.8515625 0.0609375 0.1171875 0.06875
