3 0.5046875 0.628333970284045 0.05 0.04939396424430527
3 0.42734375 0.6221474852869546 0.05 0.044706464244305265
3 0.45546875 0.5698516616495329 0.034375 0.03249350666795969
3 0.51171875 0.5418225143746896 0.0296875 0.025860869395056163
3 0.478125 0.5305022481638322 0.021875 0.020535640606883378
3 0.54765625 0.5115452119490953 0.0203125 0.020408094849248926
3 0.5296875 0.4966057381618925 0.0171875 0.017028003333979847
3 0.5046875 0.4830214702840451 0.009375 0.008577774545807059
3 0.92734375 0.5219578428439032 0.0796875 0.05337983363936125
3 0.7484375 0.5006243320930576 0.0453125 0.03807382697140156
3 0.6921875 0.4747472293679008 0.01875 0.015593049091614474
3 0.62421875 0.46935796982500316 0.0171875 0.013903003333980025
