3 0.8078484926996946 0.7283811079489284 0.26601828652459397 0.2061444545436572
3 0.8566832333642038 0.5721544273479635 0.21692622158978558 0.16779897483619663
3 0.852301470782302 0.4650140831921622 0.2283000982129913 0.19298988960884883
3 0.8769214155867265 0.3529095495069421 0.20083757142762976 0.14096373944669321
3 0.8853436160731938 0.2733447804322186 0.16745232710967278 0.10757849512873605
3 0.8595038648553779 0.23147488027006285 0.14582278896022594 0.12125916558343128
3 0.2815529995995535 0.7934359488616143 0.319996674511885 0.16647402840691913
3 0.30449166761861673 0.7328802784069189 0.28153419236879246 0.20016718993316046
3 0.3767542256535661 0.6223888376596843 0.2584785219140972 0.22163308684890543
3 0.12588284131642757 0.5507012037328782 0.25176568263285515 0.22952740746575645
3 0.28484696388244324 0.3808677650142384 0.22632849512873604 0.16952511606989865
3 0.4775821144516361 0.531933207383031 0.22635576866768634 0.17108761606989856
3 0.5211060178602027 0.4561070929346901 0.21520008035608348 0.15839670129724617
3 0.5594611801972231 0.3629980211000231 0.18841939204448083 0.14543305113509045
3 0.6048515466741589 0.31455656696010775 0.17602848620028233 0.15146486282348776
3 0.36826125608907995 0.21352235227018093 0.14593188311602728 0.12750916558343128
3 0.6580055945628385 0.1795054569759938 0.1245829886359143 0.06777960957707685
