3 0.42354385633725655 0.9169078650826492 0.1482853157455871 0.16618426983470158
3 0.7287007349890569 0.8332404848764042 0.15132849512873606 0.177741846975281
3 0.720749687504119 0.6612539145729626 0.08557503571381489 0.07563747091226496
3 0.30283193588256135 0.893143061678628 0.14639553327818292 0.16329670970237728
3 0.33519619683960994 0.7870364539525013 0.10319891233702042 0.10204047424624499
3 0.4049786371798076 0.6886784444096037 0.044540932629559826 0.04888378121376711
3 0.4559604845820198 0.6365099086539088 0.03494774431795715 0.035618506667959696
3 0.5393048185915514 0.6128010838085391 0.03651024431795715 0.035746052425594324
3 0.5658576359619916 0.6603456345671436 0.057450035713814886 0.07334164727484342
3 0.6308474362863031 0.6124500106301595 0.04443183847375849 0.04263378121376711
3 0.6786809642894804 0.6061839062380129 0.05073638555165907 0.046268964244305266
3 0.8680104711893393 0.6959632386694261 0.10714211850553071 0.14917056576151388
3 0.5650922025216528 0.8386619532035955 0.056405732953871454 0.10290160151720898
3 0.5182559330398921 0.6533304889592901 0.020885244317956974 0.03447059484924893
3 0.791025231335609 0.7139322465453339 0.0511454886359143 0.06970646424430509
3 0.34636156778077254 0.7300530013771258 0.047447744317957154 0.03663887272903601
