3 0.803125 0.7390625 0.1828125 0.084375
3 0.475 0.746875 0.2078125 0.06875
3 0.7375 0.6265625 0.153125 0.1109375
3 0.9171875 0.478125 0.1328125 0.109375
3 0.4671875 0.63125 0.1734375 0.14375
3 0.5015625 0.54375 0.165625 0.1390625
3 0.7203125 0.515625 0.1203125 0.090625
3 0.1515625 0.684375 0.240625 0.19375
3 0.2546875 0.5546875 0.14375 0.1359375
3 0.053125 0.5171875 0.1046875 0.0953125
3 0.0875 0.44375 0.1109375 0.096875
3 0.1515625 0.409375 0.0890625 0.0828125
3 0.2890625 0.45 0.1109375 0.0765625
3 0.5 0.434375 0.115625 0.090625
3 0.6875 0.453125 0.10625 0.0796875
3 0.7984375 0.4140625 0.103125 0.075
3 0.6828125 0.3734375 0.0921875 0.08125
3 0.3484375 0.4015625 0.0890625 0.06875
3 0.5140625 0.3453125 0.0828125 0.071875
3 0.371875 0.3515625 0.078125 0.0546875
3 0.6671875 0.3015625 0.078125 0.0640625
3 0.65625 0.2671875 0.0671875 0.05625
3 0.628125 0.2453125 0.05 0.0390625
3 0.5359375 0.2875 0.0640625 0.0484375
3 0.5515625 0.259375 0.065625 0.05
3 0.421875 0.2890625 0.075 0.0640625
3 0.1671875 0.3078125 0.06875 0.059375
3 0.2953125 0.3109375 0.0671875 0.0546875
3 0.2828125 0.2921875 0.065625 0.0515625
3 0.2578125 0.2609375 0.05 0.040625
3 0.3109375 0.25 0.0484375 0.0390625
3 0.36875 0.2453125 0.0484375 0.0375
3 0.2359375 0.240625 0.0578125 0.0421875
3 0.4625 0.2359375 0.0484375 0.034375
3 0.021875 0.2609375 0.04375 0.053125
