3 0.1671875 0.85625 0.140625 0.128125
3 0.2515625 0.6640625 0.0921875 0.075
3 0.4296875 0.5828125 0.0765625 0.0625
3 0.51875 0.4953125 0.0546875 0.0421875
3 0.4171875 0.4578125 0.0453125 0.0375
3 0.490625 0.4234375 0.0390625 0.0296875
3 0.35625 0.41875 0.0328125 0.034375
3 0.4265625 0.3953125 0.0390625 0.0328125
3 0.3734375 0.371875 0.0296875 0.0234375
3 0.4203125 0.359375 0.021875 0.021875
3 0.465625 0.3609375 0.0296875 0.0234375
3 0.215625 0.375 0.025 0.025
3 0.2703125 0.340625 0.021875 0.0203125
3 0.2296875 0.3625 0.0234375 0.021875
3 0.525 0.353125 0.0390625 0.0625
3 0.4984375 0.325 0.03125 0.034375
3 0.0421875 0.4078125 0.053125 0.065625
3 0.740625 0.615625 0.1453125 0.1671875
3 0.1421875 0.359375 0.0515625 0.0640625
3 0.18125 0.3390625 0.0421875 0.0484375
3 0.2234375 0.328125 0.0359375 0.040625
3 0.278125 0.3109375 0.0234375 0.034375
3 0.3953125 0.3328125 0.01875 0.0171875
3 0.43125 0.3375 0.01875 0.0125
3 0.3078125 0.3140625 0.01875 0.021875
