3 0.790625 0.765625 0.2890625 0.203125
3 0.21875 0.8203125 0.3734375 0.2203125
3 0.2796875 0.7046875 0.3109375 0.234375
3 0.9375 0.4359375 0.125 0.1421875
3 0.921875 0.31875 0.15625 0.1625
3 0.65 0.4015625 0.18125 0.134375
3 0.675 0.5859375 0.228125 0.1609375
3 0.334375 0.5203125 0.2453125 0.1765625
3 0.2578125 0.4703125 0.1921875 0.1671875
3 0.3203125 0.3734375 0.21875 0.146875
3 0.603125 0.3140625 0.15625 0.1609375
3 0.8421875 0.2421875 0.1359375 0.10625
3 0.953125 0.13125 0.09375 0.0953125
3 0.7984375 0.16875 0.125 0.10625
3 0.75625 0.1265625 0.1296875 0.1109375
3 0.590625 0.2171875 0.1421875 0.1015625
3 0.55 0.128125 0.115625 0.0875
3 0.3234375 0.25 0.1390625 0.08125
3 0.3328125 0.1078125 0.1109375 0.0671875
