3 0.6984375 0.771875 0.1390625 0.1421875
3 0.8203125 0.665625 0.134375 0.1203125
3 0.475 0.621875 0.0953125 0.1
3 0.5515625 0.559375 0.084375 0.0796875
3 0.3484375 0.628125 0.1046875 0.128125
3 0.409375 0.5140625 0.059375 0.0515625
3 0.5421875 0.475 0.0484375 0.0421875
3 0.29375 0.4765625 0.0453125 0.0375
3 0.315625 0.4359375 0.040625 0.0296875
3 0.334375 0.40625 0.0328125 0.025
3 0.2015625 0.4421875 0.0359375 0.0328125
3 0.234375 0.4265625 0.0359375 0.028125
3 0.2703125 0.3984375 0.0296875 0.021875
3 0.175 0.4234375 0.0296875 0.0265625
3 0.1015625 0.759375 0.203125 0.334375
3 0.596875 0.5390625 0.0296875 0.05625
3 0.5515625 0.496875 0.028125 0.0421875
3 0.421875 0.4421875 0.0171875 0.034375
3 0.303125 0.3984375 0.0109375 0.0203125
3 0.1734375 0.384375 0.025 0.0203125
3 0.2125 0.3765625 0.025 0.0203125
