3 0.5236705244251352 0.8339496934823268 0.18944942431676956 0.1496038757593059
3 0.6278694403043843 0.7832067707046534 0.12122521397248338 0.11835256933854162
3 0.7404339276905126 0.7615883034740631 0.11884425843752063 0.09487870174736113
3 0.5203669643510015 0.7494292231176047 0.10267362141421188 0.07889002583555574
3 0.5120832383976186 0.7179610175705212 0.10165675843752045 0.09447865824437507
3 0.7116293706116037 0.7132228854460422 0.23225199400955035 0.07878353590354195
3 0.3487102191603249 0.7391787880877434 0.10779763103285873 0.09149912860909737
3 0.1889259913928435 0.7471880437873265 0.11050596878180677 0.12434799620027803
3 0.05348457623138457 0.7416803133546181 0.10696915246276914 0.09149912860909737
3 0.25685010137431 0.7276581002080904 0.07498513103285882 0.09073540919430556
3 0.14638631652791972 0.6891203174386807 0.06473711179556511 0.06551720364722229
3 0.4233853261465666 0.6830573810776392 0.05319941106992569 0.048075130508958355
3 0.3895286813187097 0.667413544071667 0.0465674651536097 0.03699216014423605
3 0.45546121616510005 0.704914850492431 0.0582688569862416 0.05912173328249999
3 0.29036449502104056 0.6635417020317016 0.04171627404661713 0.03219555737069442
