3 0.1324049964839586 0.3236892362542451 0.12423745159900634 0.14613159084927707
3 0.20916696350286307 0.21828083439298926 0.1021897347764936 0.11491444183801276
3 0.5434106741770557 0.30667243697120883 0.08639201795398091 0.08413433540139544
3 0.23660109621281208 0.09756414280707801 0.03612839754067201 0.03532549480421991
3 0.5033345991396783 0.1351852030627522 0.031404536104353474 0.028747712873234698
3 0.4782118792921035 0.11583962336133995 0.028261355386194252 0.025404191585911208
3 0.590321514732527 0.1752149873395259 0.09124314441741407 0.11258711733238061
3 0.7199368127407373 0.28807598423743275 0.15258971057599685 0.18716078243518827
3 0.8736607346782979 0.432727930514921 0.2526785306434043 0.31468448491686285
3 0.13128688231716562 0.13150173625424513 0.11954995159900639 0.1458038089182919
3 0.17569086729005096 0.10651280790988568 0.1022351865718917 0.12272694183801276
