3 0.6222017882428958 0.7201612880112511 0.16297726866002266 0.183417679126093
3 0.4248854996862329 0.7428919159640671 0.18711567550756775 0.19517363466105592
3 0.2447183358988574 0.6804762176006804 0.17251295496493207 0.16192462504240906
3 0.21217355104282234 0.8173115294889127 0.19763406847545245 0.11603177168436432
3 0.4176470912975282 0.5812822933687288 0.11678458667404978 0.11944445916315996
3 0.2898329719269117 0.5573313834799295 0.12183303207825791 0.1009127139724832
3 0.5500695650793664 0.5555060217691825 0.10837130937615384 0.10979664065150559
3 0.6878420704780372 0.4550844142347866 0.11884773442229637 0.1273115228654909
3 0.5809529179494287 0.35625255543444634 0.05819203423772627 0.05659722958157989
3 0.5097299575858257 0.3030977843830541 0.0398029796419344 0.037247028855940556
3 0.5108023018180147 0.27117566178771585 0.024939443244739935 0.024255955534962848
3 0.4123006523717251 0.47352435707105967 0.0751187183831675 0.07745536660488846
3 0.5124007819213745 0.4785789340202344 0.08751858883351815 0.0763293762235353
3 0.4971274329088235 0.4227009562527531 0.06444203423772628 0.05681548439090349
3 0.4807118884920644 0.38549113293177534 0.05124112739018098 0.04544147477225655
3 0.3106077444444456 0.4801066845683886 0.0889809592838688 0.07482143992586625
3 0.310728857954966 0.4333408119730503 0.06404151603912896 0.05056548439090332
3 0.3254329056109276 0.4073512308475243 0.05174177513842757 0.05325397477225664
3 0.40570139651162884 0.40703626151756345 0.06932979333702498 0.0601041754978958
3 0.46582856569767533 0.3600273414619631 0.047715609191583755 0.03908234736759475
3 0.4022364350682919 0.37729419781523255 0.04907785009228505 0.0360119110699257
3 0.33426768506829185 0.37492067676384033 0.05602875693983034 0.04716766587924912
3 0.40723481569767533 0.35798120262455596 0.0429279796419344 0.03735615626060227
3 0.34067837137320134 0.3533184952754946 0.04166586829088237 0.041989092558271414
3 0.3981706963270588 0.3381771341129017 0.03804022054263578 0.0340674651536097
3 0.46130175200258483 0.33804321405730137 0.039702850092285046 0.035684528855940555
3 0.34885181677740945 0.33489587748947974 0.03637759099298643 0.032450401451278844
3 0.1489822247046889 0.3177827554422956 0.06686612739018098 0.04598711179556503
3 0.09562668722776016 0.3244940577118811 0.0685287569398303 0.04760417549789597
3 0.9203182017257296 0.5566469473518965 0.1593635965485408 0.17842264427970278
3 0.6149285973145079 0.2904018661415524 0.08781897748246603 0.0810168762235353
3 0.5426530791159105 0.281641935834333 0.045692034237726276 0.05616071996293313
3 0.04962257479697395 0.34861111479078993 0.05819203423772623 0.05659722958157989
3 0.4725210518180146 0.2698388510806099 0.021514054595791875 0.019459328130301046
3 0.49321428361941744 0.26432546106207644 0.021514054595791875 0.019459328130301046
3 0.3967688826319683 0.3163021341129017 0.033052331893687815 0.02921627404661713
3 0.3533192712809162 0.31946185044763775 0.033052331893687815 0.02921627404661713
3 0.44888209515503963 0.32669648628981995 0.03158996144333699 0.030724210344286275
3 0.4455370496585463 0.3109896407363236 0.02796431369509058 0.02280258293962456
