3 0.07950751558013817 0.8451431302766533 0.11689917211208342 0.12386596834337453
3 0.38165255024940903 0.7812992240287129 0.16010365824437506 0.10119212743398424
3 0.4798543141171175 0.7561571278443168 0.07623649810013902 0.0544341298696164
3 0.5520748062333327 0.7400587950526011 0.08419446846486114 0.060820497564368026
3 0.8822714525098606 0.7124290783340793 0.20432643692972227 0.12226828652459396
3 0.8794737608304855 0.6984211254119801 0.1095945119678472 0.07844437418757337
3 0.7701351284216661 0.6987677731385038 0.05886716014423623 0.046321620941162676
3 0.8001135691511105 0.6857495758984473 0.03506598423243048 0.03028751785690744
3 0.8387584950629161 0.6694563741941641 0.01915004350298588 0.017514782467404188
3 0.6628493052834022 0.7115735105566021 0.06362739532659738 0.049528441558013725
3 0.7028567094437147 0.7038467853133684 0.03666485182361114 0.03187729139585773
3 0.7241322973996175 0.6956660925375389 0.031977351823611146 0.031795470779006865
3 0.7405930987863882 0.6930359703785604 0.027217116641249994 0.028588650162155817
3 0.5929907469627771 0.7268496830398922 0.044622822188333446 0.03826365909060954
