3 0.5953125 0.2484375 0.0578125 0.05625
3 0.44375 0.35625 0.065625 0.065625
3 0.4515625 0.453125 0.065625 0.0578125
3 0.496875 0.5765625 0.059375 0.059375
3 0.4578125 0.6375 0.0578125 0.0578125
3 0.40625 0.578125 0.0671875 0.05625
3 0.33125 0.5546875 0.0625 0.0625
3 0.346875 0.65625 0.0703125 0.06875
3 0.415625 0.7578125 0.0640625 0.059375
3 0.28125 0.83125 0.0765625 0.0734375
3 0.184375 0.8171875 0.08125 0.0765625
3 0.30625 0.95625 0.06875 0.06875
3 0.590625 0.3328125 0.025 0.053125
3 0.4953125 0.46875 0.025 0.05625
3 0.275 0.715625 0.0265625 0.059375
3 0.146875 0.771875 0.025 0.065625
