3 0.275 0.6703125 0.0625 0.2515625
3 0.2734375 0.31875 0.0640625 0.259375
3 0.4875 0.1734375 0.03125 0.0765625
3 0.540625 0.1515625 0.034375 0.053125
3 0.5453125 0.2421875 0.034375 0.0765625
3 0.4859375 0.2671875 0.0375 0.0828125
3 0.5375 0.35 0.034375 0.084375
3 0.5390625 0.4640625 0.034375 0.071875
3 0.4875 0.403125 0.0328125 0.0828125
3 0.4875 0.509375 0.0328125 0.0703125
3 0.5421875 0.559375 0.034375 0.0828125
3 0.4890625 0.6515625 0.0359375 0.075
3 0.5453125 0.6859375 0.0359375 0.0859375
3 0.54375 0.7859375 0.0359375 0.0859375
3 0.490625 0.7484375 0.03125 0.0703125
3 0.49375 0.84375 0.0359375 0.0609375
3 0.546875 0.8609375 0.0296875 0.028125
