3 0.09594139803468023 0.2625135006246999 0.07191245735199914 0.1428279626573361
3 0.1998925540260897 0.20716499502562255 0.06050224267981754 0.10137416846619499
3 0.269942519374589 0.3240933085127956 0.07830790802036267 0.15580155933798814
3 0.423331148710998 0.35835267718877195 0.07196700135263541 0.14751546265733612
3 0.34187315806013363 0.4684837711701316 0.08791926535645347 0.17682445435896632
3 0.5283106447326333 0.5255420224195315 0.09574994668999892 0.17897895020978147
3 0.5054560420909958 0.708022635696923 0.11208401869827131 0.24110044191141178
3 0.34662702943981333 0.8099492207552131 0.13537497334499946 0.09611982863401991
3 0.7168624253659985 0.29473342076450193 0.05755905601527207 0.11676237012586883
3 0.9295538767106798 0.39437025832159167 0.07036813868554467 0.14427206348717309
3 0.9731931466820448 0.36348803384140094 0.05361370663591032 0.13082487012586883
3 0.966744246697953 0.30352103799058583 0.0585579346753633 0.06844326929603195
3 0.8407630020289532 0.2768024047924624 0.04433180267345449 0.053315176764564674
3 0.7556340240292714 0.27269340001857756 0.04451361600890884 0.06894017676456468
3 0.6991749386934988 0.25046227989270864 0.04106135200509069 0.040578378424238615
