3 0.04701628530348258 0.7226177086436711 0.07046823295387142 0.10163958271265763
3 0.2317673863591428 0.6459887803980741 0.09516822402541773 0.08561647642635144
3 0.37931849634325676 0.5882939427230177 0.06367276217486459 0.07009848428423418
3 0.690025945611908 0.6950147078196108 0.10944891233702023 0.09877144789030404
3 0.786517341716874 0.5341435202683888 0.06474433847375849 0.04204625889134021
3 0.6728815357105196 0.5191071792835635 0.04750229139585791 0.03812073821317572
3 0.5729400369283357 0.4823221168347855 0.030151150162155815 0.027945217535011224
3 0.6021502499967047 0.4535956492997742 0.02532728246740401 0.019914393713693634
3 0.6411718396882792 0.4494325341221277 0.025300008928453722 0.018351893713693813
3 0.46530876907142815 0.4529321774215367 0.02220228246740419 0.019768844499482085
3 0.5527269484545771 0.4441692994236087 0.019022735389503255 0.01649829528527036
3 0.3900087601429744 0.4392378585626179 0.05092730032431163 0.05545378742738745
3 0.5896951144450455 0.4119539588530682 0.02231137662320535 0.026018844499482087
3 0.4711769395261234 0.43076607899311326 0.015843188311602675 0.013227746071058633
3 0.5933110381461517 0.4399334096388564 0.018968188311602675 0.01337329528527036
