3 0.8984375 0.5375 0.0578125 0.1015625
3 0.0453125 0.3203125 0.0421875 0.090625
3 0.453125 0.7046875 0.1328125 0.11875
3 0.23125 0.7390625 0.1578125 0.05
3 0.3 0.5984375 0.1375 0.1390625
3 0.590625 0.615625 0.1359375 0.1203125
3 0.0921875 0.5765625 0.15625 0.140625
3 0.3796875 0.4828125 0.11875 0.1109375
3 0.3 0.4046875 0.121875 0.0921875
3 0.63125 0.434375 0.1203125 0.1046875
3 0.9078125 0.4296875 0.1171875 0.090625
3 0.8828125 0.3109375 0.11875 0.078125
3 0.7390625 0.3453125 0.1125 0.0890625
3 0.625 0.3171875 0.1015625 0.0765625
3 0.515625 0.371875 0.1140625 0.0859375
3 0.359375 0.365625 0.1140625 0.0921875
3 0.5234375 0.2875 0.0953125 0.06875
3 0.621875 0.2515625 0.0890625 0.03125
3 0.1953125 0.2765625 0.0984375 0.0765625
3 0.1015625 0.25625 0.1015625 0.040625
