3 0.7615260724764934 0.8150281014857862 0.2988756705105008 0.26519870758582587
3 0.9505001255080263 0.7302363895810238 0.09899974898394745 0.2348336798265045
3 0.3259050757558536 0.714388662864525 0.3527177227490645 0.3714277236249547
3 0.6142770997274288 0.4732887893318553 0.23867515490666857 0.2753561551495022
3 0.7790898722286661 0.417262427519378 0.16140224672063966 0.1380378254152827
3 0.9290865923219975 0.4080807873292704 0.14182681535600494 0.1234746776670363
3 0.8895902809805218 0.34198422039497745 0.13196705223856356 0.11123549352159508
3 0.8361543424913396 0.2646695512089311 0.11897572930778502 0.10105945712440043
3 0.538515781885033 0.38878218384089935 0.15416295680654796 0.14847467766703612
3 0.526192844300362 0.3331329611387953 0.13796474672063966 0.13653588217054297
3 0.5227569058111797 0.2526141463639706 0.0885512449116174 0.08509449568106327
3 0.7193353346894236 0.27921051743263015 0.11815021370395282 0.11502182757475107
3 0.6680317842598822 0.2276270334717591 0.09973440637700648 0.09048290252860855
3 0.7937787347348519 0.18899772517533944 0.08633364767057934 0.07249436613141405
3 0.8124944352098218 0.15722729102989827 0.0749048247398008 0.0624184592838688
3 0.33848480438627015 0.35613607187153845 0.3977446969684669 0.5471682032668891
3 0.4846250627540131 0.13826055213178173 0.21261726594251656 0.2238542119047624
3 0.6662026113745322 0.13289552437246047 0.15168640999505137 0.19036178901808826
3 0.9940476503841129 0.25395568939645374 0.011904699231774174 0.07670220234403846
3 0.8859274496820003 0.5413228863418214 0.19560682835784532 0.16670304595791857
