3 0.16887847976207032 0.7650967542611692 0.2811835594746529 0.30615082939624544
3 0.47781306648765887 0.829107212876175 0.27148101085413395 0.2995734471822605
3 0.5493859305757244 0.5834971017135822 0.1997078301668676 0.20972720798203354
3 0.28831895579049516 0.5469866497219983 0.2126991530976463 0.2195387176006804
3 0.8405243441888203 0.31502987702614355 0.10284611827193721 0.14707838584218216
3 0.5771468396662645 0.4271478979927178 0.17751192559888337 0.1730803798517325
3 0.3827251322938897 0.3585268396478646 0.1956001843053107 0.19086808057737184
3 0.27779637211712443 0.19519597122887747 0.16041295680654793 0.14440974282842384
3 0.458766411126705 0.23673617440158762 0.1554797953411587 0.13955855172143128
3 0.5974327634561256 0.30888897131369547 0.14051653663473135 0.12187997840045357
3 0.6320744363414756 0.21539443165798175 0.12768898801421233 0.11519346878180672
3 0.45601098258714545 0.050362164782940755 0.1067280348257091 0.07235120435383649
3 0.29758100689740496 0.041698948996358884 0.10483798620519007 0.06604664065150563
