3 0.4792286148586732 0.6632937775683844 0.09220686525911966 0.09696211733238069
3 0.6190235462704171 0.5669054606043208 0.08253185633066593 0.07911905347041034
3 0.4579690438347851 0.49545606754514127 0.06671594155801355 0.06708894703379294
3 0.5115440572274658 0.46595995566064224 0.05070911201270896 0.04412134059717552
3 0.43715771185384844 0.4360482165564055 0.06183752678536116 0.055823665102807674
3 0.3616355604738766 0.4265036077739996 0.041225017856907444 0.037215776735205
3 0.32128329586337995 0.41371938450920476 0.031659103084255055 0.025622712873234654
3 0.2858952207823021 0.4294589989915938 0.030123876623205436 0.02707595222957302
3 0.23235716355813169 0.41213474119792365 0.02853410308425506 0.025404191585911208
3 0.20741171063603234 0.4107579114965114 0.02694432954530477 0.023732430942249572
3 0.18168500771393303 0.4094357121169301 0.028506829545304768 0.023841691585911207
3 0.18120376664238677 0.3923028424387609 0.0284522824674041 0.020716691585911207
3 0.8283321367727705 0.4219596753191409 0.06649775324641069 0.05458894703379293
3 0.7664730649381035 0.3896113510656103 0.049010244317957155 0.03619957995351388
3 0.6498077163180752 0.41259501901840956 0.0489284237011061 0.031512079953513704
3 0.8065037755708404 0.3314110849740669 0.10270798863591431 0.07272694183801276
3 0.5479412532497061 0.3924078411782532 0.03949887662320535 0.02773151609154336
3 0.5886889841749827 0.38253581444304807 0.037909103084255234 0.02605975544788164
3 0.45996001217815985 0.38139356754514125 0.03475682954530477 0.02427873416055819
3 0.49686967695081224 0.36788844241909047 0.028452282467404187 0.020716691585911207
3 0.4266389975676633 0.3681176713838685 0.02527273538950343 0.01737317029858776
3 0.13337023863920958 0.40579154207044377 0.02686250892845372 0.019044930942249395
