3 0.25632807213960956 0.49788037897292325 0.24913835697722053 0.2094863824329643
3 0.8155112377513423 0.6709450776409602 0.21415757909743327 0.18158687551288216
3 0.6267348776093197 0.9147574501509117 0.06457242515463033 0.08516817885919252
3 0.5201982219995267 0.8115276793906652 0.06313747091226496 0.08666701186299833
3 0.568780403652939 0.4623354457022876 0.050669421820650484 0.06747134288963749
3 0.3203752413751862 0.31906431228074 0.044036784547746864 0.0625291749048598
3 0.2957417742559431 0.37023022285114376 0.1304525166698994 0.09096719269935694
3 0.15666342773970424 0.3357531106841345 0.11938747091226487 0.0889590237259962
3 0.5027884839583204 0.5219385973754427 0.1379779742462448 0.10684686068413463
3 0.6606961919937077 0.6630795450177155 0.13058006242753403 0.09252969269935693
3 0.5529155139641393 0.678154105284108 0.13003792848861018 0.10496602570316256
