3 0.3626902961809432 0.2680563443353311 0.07511996832111638 0.07161501482874763
3 0.5414433628929052 0.3258012242596564 0.08525979282674853 0.08293451680591399
3 0.565295762156271 0.42041338730151806 0.08326025025210164 0.07662084980971962
3 0.5627549062238568 0.552140889772976 0.07857275025210164 0.0764298488211363
3 0.6200482361773705 0.5983818784042695 0.07522922896477802 0.07317751482874754
3 0.6495065072125925 0.526668704487993 0.08471348960843983 0.07512201680591399
3 0.7129627198337256 0.4817753571497313 0.08191627153942509 0.07968218281352506
3 0.7310021616717384 0.5828921881763705 0.09183757475773362 0.08787668479069169
3 0.6992983296245378 0.7009219465793276 0.08169775025210164 0.07655718281352505
3 0.8502488244287576 0.7308110819408604 0.09852461733238087 0.09438135277546919
3 0.9374156886590452 0.6888689796596829 0.10510239926336595 0.09932352076024671
3 0.867747316887189 0.8578046634617913 0.09027507475773362 0.08781301779449713
3 0.39482508900769164 0.3466615054000264 0.041542643815484136 0.05934050790866543
3 0.5288719430985205 0.4485357287082807 0.043323665102807676 0.0625291749048598
3 0.8188899277632817 0.6184848368837762 0.04510468639013112 0.06571784190105419
3 0.9586461964527153 0.6339440577205726 0.043869968321116205 0.0703416749048598
