3 0.8354694390116266 0.7996353309323272 0.32906112197674664 0.292051325734235
3 0.6087581867365415 0.6325858504288517 0.22164189212119326 0.21875369046151932
3 0.33630469151042636 0.6966078485547519 0.2551414763542906 0.25080917386477974
3 0.4896492987645333 0.41383400519809205 0.1372417361025528 0.13002123195336796
3 0.11846230561301056 0.4664906056037218 0.18175059793005194 0.20485621120744354
3 0.6533673340326047 0.36021486557569865 0.21141478714217127 0.227299896270378
3 0.43420293693703416 0.3381702317528753 0.10530465186945541 0.09808414772027056
3 0.5111071338228234 0.2562233373565971 0.08970296265733602 0.07670605518880329
3 0.2891980902563821 0.32096830851279556 0.08548905933798814 0.0826008576783142
3 0.290085161417225 0.28142055643820313 0.08165366431700996 0.07298905933798813
3 0.36143809793005194 0.2184721157761913 0.06796967261537983 0.05641686597668398
3 0.2751696338228234 0.23834506266198047 0.0647262734452168 0.054617567636357923
3 0.3370175157715469 0.18322077739390902 0.04647318091374952 0.039252676764564676
