3 0.5259672114405947 0.3718638261175319 0.0488938569862416 0.058085210772388506
3 0.6514285137101801 0.42502921185254305 0.055252984390903495 0.061246572208706954
3 0.676359081040708 0.3374019468254284 0.035684528855940555 0.03769998789975162
3 0.6888070065386038 0.27171785949141086 0.024255955534962938 0.023573855386194255
3 0.6423858743246188 0.28136102508425964 0.03773810217691818 0.05177157825883114
3 0.6014706976455966 0.26753941959986943 0.027435519237293704 0.025154536104353475
3 0.6245188172457099 0.2338184045727548 0.022638891832631992 0.02200226502711473
3 0.6590029446503717 0.23049341667300322 0.021021828130301047 0.020430674668035033
3 0.8215202697006297 0.49746222717424526 0.29481651451278806 0.3453953549934109
3 0.7418948010036411 0.29484174210316405 0.030887901451278843 0.034547716822512696
3 0.6392087998225147 0.21576784134103827 0.02080357332097762 0.01418067466803503
3 0.689099672417853 0.21860194985049047 0.01622520072563951 0.017278403590796198
3 0.6673610816736802 0.21482296487760513 0.014444445916316084 0.011019313231716588
