3 0.5378345916824563 0.4250744886507219 0.08202553218308672 0.08035274122451135
3 0.3761376210155515 0.3976672395086517 0.04012225544788164 0.03859113855894432
3 0.6461116314071116 0.47754392227424364 0.12461722376899793 0.10965980799670091
3 0.5606440249704943 0.4907138605166188 0.11888067599857095 0.1391199874635877
3 0.6139768385803632 0.556458532461658 0.1747043411013786 0.20155780298213627
3 0.47749838920078175 0.5266537090255508 0.07522922896477802 0.07235838479802066
3 0.7077925405578346 0.6030273070722643 0.08136996832111638 0.07097774122451135
3 0.4925881576381137 0.5795430283050229 0.11389824505632155 0.11246655925034225
3 0.7294054606043208 0.6521922327782271 0.09205609604505724 0.09000052586424748
3 0.6247343860986886 0.6601063696878189 0.12916261213660044 0.13006323620994636
3 0.7813232396853144 0.7045874585633324 0.12639824505632155 0.11283027210332382
3 0.4858739818916442 0.6419748321450889 0.12327324505632156 0.11273934389007838
3 0.015090496393703768 0.6228752103456989 0.030180992787407535 0.14262542069139794
3 0.48556298943321285 0.7695686347315137 0.17015895273377596 0.18115437476889085
3 0.103323925823344 0.6942537683424 0.16641123986054138 0.14985891066226814
3 0.5235168214804136 0.8873160758768828 0.1587737024816745 0.10753501834239998
3 0.7738117524226631 0.8623189413099712 0.2601826552154506 0.27536211738005745
3 0.3923307035669553 0.3676076664682559 0.03143567029858776 0.02586381802583091
