3 0.25001961806862133 0.8885217388018452 0.28202490363849114 0.20509485477852926
3 0.36469208601791736 0.776544724904398 0.19277831306795062 0.16096450124939993
3 0.4552763906088126 0.7156799251141794 0.16599748924663302 0.1542642153566284
3 0.6672583521479678 0.5869433089370029 0.14622864474715094 0.1309684253146722
3 0.4990948571103665 0.6536069002190702 0.12428087014004525 0.1277483369323898
3 0.46336921877335635 0.5551451668158098 0.1408519400324213 0.14924482863401992
3 0.5460511321317572 0.5084729215896946 0.09630141935425698 0.12874215186945542
3 0.6132193614535927 0.4964357854917861 0.07842040653397539 0.07912066016782511
3 0.7658670184018528 0.43093195250808847 0.08764985731976349 0.07670605518880329
3 0.8141011571531479 0.38009242553838674 0.05069351282028158 0.05210787427505377
