3 0.715625 0.4546875 0.1109375 0.0921875
3 0.8578125 0.578125 0.1640625 0.1390625
3 0.8921875 0.74375 0.2140625 0.2078125
3 0.6578125 0.6671875 0.1640625 0.1703125
3 0.6828125 0.84375 0.21875 0.05625
3 0.56875 0.4203125 0.09375 0.078125
3 0.6765625 0.34375 0.071875 0.05625
3 0.55625 0.3359375 0.0671875 0.05625
3 0.621875 0.2875 0.05625 0.0453125
3 0.540625 0.259375 0.04375 0.040625
3 0.6 0.25 0.05 0.034375
3 0.5296875 0.221875 0.0375 0.0328125
3 0.59375 0.221875 0.040625 0.03125
3 0.5296875 0.1953125 0.034375 0.025
3 0.3671875 0.740625 0.1921875 0.2609375
3 0.1765625 0.659375 0.184375 0.2109375
3 0.0359375 0.665625 0.071875 0.1859375
3 0.4171875 0.5796875 0.1359375 0.1734375
3 0.25625 0.5125 0.125 0.125
3 0.0859375 0.5359375 0.15 0.128125
3 0.1609375 0.4375 0.121875 0.103125
3 0.096875 0.3828125 0.1046875 0.0765625
3 0.2953125 0.425 0.1078125 0.1125
3 0.4296875 0.421875 0.0890625 0.0890625
3 0.41875 0.484375 0.109375 0.09375
3 0.215625 0.371875 0.0953125 0.1015625
3 0.26875 0.334375 0.0609375 0.0578125
3 0.3390625 0.365625 0.0734375 0.0828125
3 0.43125 0.36875 0.078125 0.0640625
3 0.4453125 0.321875 0.0609375 0.0734375
3 0.375 0.2640625 0.0890625 0.1171875
3 0.2453125 0.2671875 0.0578125 0.0421875
3 0.2890625 0.303125 0.0578125 0.05
3 0.2796875 0.2328125 0.0453125 0.0359375
3 0.3078125 0.2046875 0.0421875 0.034375
