3 0.18711693996694517 0.8689187112074436 0.14360714247680567 0.13878092531467204
3 0.2670187262517366 0.6831247663962469 0.09393314437666671 0.08198555103961844
3 0.4432526115103476 0.6153722717948316 0.07798083605604163 0.06673905933798814
3 0.5302785264042364 0.534621024494124 0.05566942496187508 0.04633147095570571
3 0.4278432042159032 0.48942507843352734 0.04618532218833345 0.04093357593472753
3 0.500480617209931 0.4606148394311895 0.03975348423243048 0.03264747925407559
3 0.3659965144363892 0.44574501079716955 0.03361258700597229 0.03686138257342364
3 0.43576350056868096 0.42763547345450553 0.03826371941479181 0.035654080083912555
3 0.3820929867009725 0.4001724016689627 0.03023301386770836 0.02568708423309758
3 0.42867704597152817 0.39122437677385347 0.02238414627652787 0.023532588382282338
3 0.4740259135627086 0.3962204527085812 0.03023301386770836 0.02568708423309749
3 0.22435322188333365 0.3913390854824973 0.025581881458888935 0.02689438672260831
3 0.2782406348773614 0.36110805643820315 0.022384146276527784 0.023532588382282338
3 0.23812478115388921 0.3799046780139645 0.025509146276527873 0.02376938672260831
3 0.5332190756068058 0.392907121174776 0.04051720364722229 0.06545997925407558
3 0.5060019589655559 0.36276933528200467 0.03205008700597212 0.03674298340326043
3 0.051679441298125336 0.41100927759440165 0.05465243882958339 0.06965057178554286
3 0.7549538309251395 0.6717462066572735 0.14920383225631967 0.17819862282516113
3 0.15055204597152808 0.3701493244848352 0.05305357123840286 0.06796967261537983
3 0.18914176728618085 0.35279680373891076 0.04331489532659725 0.051634277594401645
3 0.23107469414791693 0.34505608133331245 0.036883057370694416 0.04334818091374952
3 0.28536215064493076 0.33201255228901827 0.024237587005972294 0.03615098755244537
3 0.40305879692145863 0.3627674900512451 0.019150043502986235 0.01860829004195628
3 0.4391053996950003 0.3701781709649946 0.017478440729444423 0.013802390871793335
3 0.3151223858272919 0.3373871365221157 0.019259146276527785 0.023295790041956276
