3 0.5875 0.5140625 0.096875 0.0796875
3 0.7796875 0.446875 0.0828125 0.0796875
3 0.815625 0.3125 0.0609375 0.05
3 0.684375 0.3109375 0.0578125 0.05625
3 0.7265625 0.23125 0.04375 0.0375
3 0.765625 0.1609375 0.028125 0.025
3 0.825 0.15625 0.025 0.01875
3 0.971875 0.15625 0.0265625 0.021875
3 0.9546875 0.1375 0.021875 0.0140625
3 0.8234375 0.1328125 0.0234375 0.0140625
3 0.79375 0.1265625 0.021875 0.015625
3 0.9015625 0.11875 0.015625 0.0140625
3 0.64375 0.196875 0.065625 0.0953125
3 0.71875 0.140625 0.0421875 0.05625
3 0.7484375 0.11875 0.0265625 0.021875
3 0.515625 0.3328125 0.1140625 0.103125
3 0.1921875 0.5921875 0.3203125 0.4046875
