3 0.05 0.7796875 0.0984375 0.1078125
3 0.35625 0.76875 0.1484375 0.0765625
3 0.45625 0.7609375 0.06875 0.0421875
3 0.5296875 0.7578125 0.0765625 0.0484375
3 0.88125 0.7921875 0.2359375 0.0828125
3 0.8578125 0.7734375 0.1 0.0609375
3 0.75 0.7546875 0.053125 0.0375
3 0.78125 0.746875 0.03125 0.025
3 0.821875 0.7375 0.0171875 0.0140625
3 0.6421875 0.7484375 0.05625 0.040625
3 0.6828125 0.7484375 0.0328125 0.0265625
3 0.7046875 0.74375 0.028125 0.0265625
3 0.721875 0.74375 0.0234375 0.025
3 0.571875 0.7515625 0.0390625 0.03125
