3 0.47326475463409745 0.8097411871823139 0.09322545680654795 0.14658105702175916
3 0.22416219131425735 0.8198319207824534 0.13902263568479167 0.18947118605101815
3 0.3023846093383673 0.5762664314328699 0.08838082654882307 0.11349515494824054
3 0.4136695901164904 0.5035698081530547 0.06404256784239593 0.09425713939685174
3 0.5087740502023987 0.5227777208769899 0.06560506784239592 0.09439384043361088
3 0.6902674689038772 0.7361839844021284 0.08385045680654794 0.14576085080120346
3 0.7873837290806425 0.5860363043833783 0.07332903663473136 0.12306564458064813
3 0.7016022800760107 0.43310750254541536 0.06346935775648746 0.08331963939685175
3 0.5154633842144537 0.3981584296894435 0.056728034825709095 0.07339783524981466
3 0.3680837731786057 0.43503513016055495 0.07300813206674714 0.08726484561740726
3 0.5197990021477066 0.3176602853916194 0.048751760515449584 0.06958933006601846
3 0.411863671415012 0.3058841638552307 0.048014776119281774 0.05552683006601846
3 0.4820223631835545 0.26458451206453615 0.04472600180902227 0.05212842799249993
3 0.6529180393482649 0.246096226626434 0.03658595318850324 0.04519492280870363
3 0.6936658700809595 0.2519942035821746 0.03502345318850324 0.045058221771944316
3 0.598199561849502 0.19620424189499885 0.030417840343633172 0.046210618661666605
3 0.43729968340079955 0.19768068459041585 0.03954717887824373 0.042343324882222165
3 0.5389374265033946 0.23767955094300824 0.033542840343632994 0.046484020735185184
3 0.4965994402982045 0.17176202502402682 0.03634029172311397 0.04050742280870363
3 0.26801849615481277 0.35084676639986057 0.056236711894930555 0.06402283524981467
