3 0.5408207468321813 0.7963666347458739 0.46309530076822547 0.29534728256895554
3 0.7952150819758901 0.6528175645049391 0.40956983604821995 0.2599901359270003
3 0.7922040258921392 0.5041345278444502 0.3090894742194024 0.18391373084752444
3 0.44505238692798715 0.44210323148049646 0.3044019742194024 0.18375003974053178
3 0.08837301899473424 0.5107490162420688 0.13318207146044048 0.19024803248413757
3 0.28802221619034374 0.6151984471822604 0.4590628980092636 0.30768359146196306
3 0.3656371246035153 0.3254762374709463 0.2947813127540132 0.17873515752654665
3 0.8627577860689044 0.3475149948121584 0.2734042797373263 0.15771332939624552
3 0.9262116971956095 0.2938840525240395 0.147576605608781 0.1383234339354164
3 0.4691914925367682 0.2479911329317753 0.2780917797373263 0.1578770205032381
3 0.14004290309764628 0.21700150544229563 0.18796474672063965 0.13445438947037927
3 0.14039370590203676 0.11953622840045361 0.16740658525525037 0.12905756134007812
