3 0.0390625 0.58125 0.04375 0.084375
3 0.0875 0.571875 0.0421875 0.0734375
3 0.134375 0.5703125 0.0421875 0.075
3 0.1828125 0.5640625 0.040625 0.075
3 0.2359375 0.5609375 0.0359375 0.0703125
3 0.284375 0.5671875 0.040625 0.0796875
3 0.44375 0.5625 0.0328125 0.0734375
3 0.4890625 0.5625 0.0375 0.0796875
3 0.53125 0.5640625 0.034375 0.0765625
3 0.575 0.565625 0.0359375 0.078125
3 0.615625 0.565625 0.034375 0.0703125
3 0.6625 0.5671875 0.0359375 0.071875
3 0.7140625 0.5765625 0.0421875 0.10625
3 0.7578125 0.5859375 0.0359375 0.0828125
3 0.80625 0.5890625 0.0390625 0.075
3 0.8578125 0.5984375 0.040625 0.0796875
3 0.9046875 0.6046875 0.0390625 0.0796875
