3 0.07752872967828286 0.4175284052193195 0.09775226099766213 0.07880681043863902
3 0.07190476909553924 0.34330965521931955 0.09043666846619491 0.0643802893919517
3 0.39729216494170994 0.18258904700211082 0.02509508838228234 0.02324007892507778
3 0.43114602406991676 0.16744916538972737 0.023177390871793335 0.01846157366340586
3 0.40783857863402007 0.15753583909548557 0.023295790041956366 0.020024073663405906
3 0.2573886313472456 0.7997934156014889 0.2592369805034755 0.23910581555913665
3 0.6121190624614878 0.5746686731410608 0.13963303029369403 0.1388034367187636
3 0.8233399823775752 0.5496363939901041 0.11754454274124874 0.11418286831702958
3 0.6045648263589349 0.45444717840273263 0.10674875269929238 0.09488683674699842
3 0.45226862055007616 0.4564661627588915 0.10480774440092269 0.11032982622365459
3 0.7364758319580125 0.35790464932236316 0.07852866431700996 0.07146474729857691
3 0.5970339010442628 0.3140041889260764 0.06664397095570589 0.058327710466874017
3 0.4977909176410023 0.2771118627024217 0.056913773445216795 0.05309417889684287
3 0.6063487788438015 0.2624339836502871 0.04694677759440165 0.04473564732681181
3 0.6647640074731772 0.21216794411716106 0.0475387734452168 0.05254814732681172
3 0.6057917491748074 0.2242892415427949 0.0350620842330974 0.031598610495108835
3 0.5475765074731772 0.20534254949177236 0.03158188672260849 0.02672909997176518
3 0.5954336670163023 0.1902404652344356 0.026894386722608486 0.026456084186749607
3 0.7304831732400798 0.1864391729998865 0.031463487552445456 0.025166599971765135
3 0.6899290282191016 0.17474353882725432 0.029782588382282427 0.023513094710093264
3 0.5440012215804059 0.1786890442301005 0.027983290041956366 0.020297089448421436
3 0.5409237657715469 0.1893990310759209 0.03267079004195637 0.020570105233437008
3 0.55861982863402 0.16631784684681902 0.023295790041956366 0.02002407366340586
3 0.5976939840279604 0.1584822310194512 0.023414189212119397 0.021586573663405863
