3 0.8525598335724591 0.8009514501113586 0.18481003460041096 0.16613517202418074
3 0.35991739433314346 0.688238533378407 0.1379695266917457 0.12810791335136287
3 0.5818441324701453 0.6345975547421784 0.13114652372599628 0.11397268801718105
3 0.7175641151699399 0.554184443427723 0.128339858706968 0.12174882535009016
3 0.10860956231792103 0.6915613386775904 0.1478538626613008 0.1407170013526354
3 0.21834802376317725 0.5101124386934988 0.1199543557412186 0.10759541868236297
3 0.40970785281265015 0.49203624271958846 0.1121418557412186 0.10750451201463562
3 0.5211891808735398 0.4683452987348605 0.08586851581733086 0.07596361067790873
3 0.6798465978697343 0.47175320408972315 0.09237318380210838 0.08228633601209037
3 0.2820020054743885 0.4241754860359529 0.09132001977166349 0.094768154678545
3 0.33569073817418293 0.3428078547103616 0.05366351087441492 0.052162484006999674
3 0.21739438292725594 0.23757436736154416 0.0403995069200823 0.03326703333863614
3 0.43187998866847455 0.34626975672340643 0.06479201186299814 0.05697725334181776
3 0.532658580075237 0.3857055214035422 0.0730501808363588 0.06800566000954511
3 0.626680494105682 0.37430549208304165 0.05854201186299797 0.05690452800763594
3 0.530479314752198 0.31305836207031495 0.04709517589344294 0.044277258672817864
3 0.5805283942959625 0.2956805054105419 0.043651840912471054 0.03642839600572696
3 0.9923970415204935 0.4333292401336302 0.015205916959013166 0.05661362667090888
3 0.9941677885547439 0.3982002621339483 0.011664422890512328 0.042496582670272606
3 0.9498805721665718 0.3530781187937214 0.04859400889724839 0.04273294000636341
3 0.8202912312541008 0.31564974944299495 0.04384284190105418 0.04111589600572696
3 0.8804965607978652 0.29839007145126734 0.03721083992388756 0.03166817067154515
3 0.778743059809282 0.2925207847708134 0.03389483893530461 0.026944308004454333
3 0.8382135603035736 0.29555542544554025 0.04059050790866543 0.037954533338636055
3 0.8108406353987139 0.2561929334420404 0.03402217292769336 0.030069308004454332
3 0.7480368878701718 0.26717533943344995 0.03402217292769336 0.030069308004454332
3 0.41744346247102043 0.2219419187221338 0.029143671939110227 0.025327264003817972
3 0.4687194609881457 0.2155106527291335 0.029271005931499162 0.02845226400381797
3 0.5122784599995625 0.21133223006840596 0.030769838935304605 0.026907945337363424
3 0.5602212114824372 0.218918010741542 0.02908000494291585 0.023764764003817974
3 0.449168306349241 0.27228736405949727 0.07894735376405215 0.09774770401018137
3 0.5473882890490354 0.19143790073995118 0.02432883794672147 0.02214772000318166
3 0.5154843730414241 0.19419018340226954 0.025891337946721472 0.022165901336727155
3 0.47509945357377187 0.1804453093968607 0.021076503954332713 0.018986357336090796
3 0.7371338799615064 0.2295662514321773 0.022639003954332715 0.01900453866963616
3 0.7350912188968111 0.2560923887650864 0.027390170950527093 0.020621582670272608
3 0.7836414654367699 0.24025885077176792 0.024137836958138335 0.017460220003181703
3 0.7207130425090765 0.20985318809672285 0.02251166996194378 0.01587953866963616
3 0.6798652080223961 0.20391172342454125 0.02094916996194396 0.015861357336090797
