3 0.857397810899738 0.8071285222190389 0.2852043782005239 0.2770882539486923
3 0.9017115908810819 0.4598167369509675 0.1652483369323896 0.13058991701630235
3 0.3391533139113803 0.4676782877668712 0.14481743776222675 0.12748822780418295
3 0.46879050187409976 0.31282761225170636 0.10914004689043359 0.10769594606059654
3 0.4334790412913561 0.23635927801860893 0.08321616431700996 0.07310745850815117
3 0.28245026017246955 0.28317231058738807 0.08548905933798814 0.0826008576783142
3 0.15728708465730473 0.4150590827832049 0.1313469336130419 0.13423513527271586
3 0.20624203506757882 0.2307917491748074 0.07696616431701005 0.07263386182749913
3 0.31269202199532425 0.16972603984146364 0.06171967261537983 0.05594326929603186
3 0.38657888527271583 0.1504683995943703 0.06519987012586892 0.06086756763635792
3 0.23535992738926464 0.15376823050347546 0.06496307178554286 0.05774256763635792
