3 0.6171875 0.8171875 0.184375 0.140625
3 0.2953125 0.7640625 0.1640625 0.1625
3 0.3453125 0.51875 0.11875 0.09375
3 0.1515625 0.509375 0.115625 0.121875
3 0.2234375 0.4109375 0.0796875 0.0671875
3 0.1125 0.3671875 0.06875 0.059375
3 0.1625 0.2875 0.0578125 0.0546875
3 0.0484375 0.2953125 0.0515625 0.053125
3 0.090625 0.253125 0.053125 0.05
3 0.7046875 0.5015625 0.1171875 0.0859375
3 0.8 0.3734375 0.0859375 0.065625
3 0.871875 0.3 0.08125 0.0625
3 0.575 0.3390625 0.08125 0.0640625
3 0.6640625 0.334375 0.0765625 0.0546875
3 0.684375 0.2703125 0.0828125 0.0625
3 0.5953125 0.29375 0.0640625 0.0421875
3 0.4859375 0.2875 0.0640625 0.05
3 0.4421875 0.2640625 0.0546875 0.0359375
3 0.059375 0.709375 0.0734375 0.165625
3 0.0671875 0.8546875 0.090625 0.153125
3 0.4640625 0.2203125 0.04375 0.0328125
3 0.609375 0.2140625 0.0453125 0.0328125
3 0.1859375 0.2484375 0.0484375 0.0453125
3 0.221875 0.2234375 0.046875 0.040625
3 0.2578125 0.2125 0.040625 0.0375
3 0.1484375 0.225 0.040625 0.034375
3 0.559375 0.203125 0.03125 0.0203125
3 0.628125 0.2 0.0390625 0.0296875
