3 0.7856733088116682 0.815625 0.12783105702175918 0.0859375
3 0.7252819044290755 0.746875 0.09167894354388864 0.065625
3 0.6757206933075477 0.68828125 0.0743547425071295 0.0640625
3 0.5799400101312514 0.73828125 0.07734304147037019 0.0625
3 0.5865214922707883 0.68984375 0.06259703628657398 0.0546875
3 0.9030460279917143 0.78671875 0.0716972171537961 0.1765625
3 0.007899444580255297 0.7609375 0.015798889160510594 0.1328125
3 0.06576046272354227 0.69765625 0.13152092544708455 0.115625
3 0.48874624802023253 0.53046875 0.06314384043361088 0.0609375
3 0.44029918609750107 0.5484375 0.032011417624907425 0.0265625
3 0.521490397501853 0.53125 0.012851314514629664 0.021875
3 0.5331114026856492 0.5234375 0.02365211347787035 0.0203125
3 0.5288729620164825 0.509375 0.023378711404351903 0.0171875
3 0.5470173692737973 0.4984375 0.02310530933083328 0.0140625
3 0.565083864090001 0.50625 0.02351541244111104 0.01875
3 0.6074962480202325 0.53046875 0.028613015551388798 0.0234375
3 0.6233652557959269 0.51875 0.023378711404351903 0.0171875
3 0.6151617765311121 0.4875 0.019843608294074146 0.0125
