3 0.4341522168085071 0.393307121792675 0.047137079953513704 0.05047518899896399
3 0.4863320758430145 0.3980888211307212 0.06218292574646931 0.06519266046291676
3 0.5700679374754118 0.4223675372179905 0.06429172896477801 0.07307793507002262
3 0.5139436236134415 0.4291590386657325 0.07454081411407198 0.0860145827126578
3 0.33016420331485374 0.44568079693790014 0.04146623416055819 0.036194365177646404
3 0.5884683762113315 0.4506573571103666 0.0367787341605581 0.035976041356328814
3 0.6556012458895006 0.45456791521591844 0.10622785668871906 0.09372007485477489
3 0.5335952059127438 0.4731830204687674 0.05149679802252862 0.046006012820281585
3 0.27151046915429555 0.47743591108208927 0.05316855866619026 0.04764128742738745
3 0.468565785614156 0.49523564888098026 0.057058383171822415 0.05872433664159917
3 0.12288729885570779 0.49559509801413865 0.12047602698730664 0.1193022717116218
3 0.5546289717521857 0.5086496395753553 0.06040190445914604 0.0619948858558109
3 0.48184168177542874 0.5295571449520388 0.06697968639013112 0.06697348428423418
3 0.6940413969944519 0.5997926780362001 0.2558557881351714 0.27356174028009034
3 0.5349124154317838 0.6448953546291673 0.11633483020561534 0.12689644789030402
3 0.8929927132022109 0.6913574015670674 0.13294317599857094 0.14168669396136266
3 0.5909881807670225 0.8293474373418249 0.1742237398605413 0.1529538337461151
