3 0.20306652935093733 0.5935467261808165 0.40613305870187466 0.37146845236163306
3 0.281805205928333 0.42097905588513 0.06195579255305557 0.045523100158284535
3 0.24185104673402735 0.49174018527287433 0.11598998233256949 0.08613137978345567
3 0.23422234432107608 0.3828509185798269 0.04920121941479172 0.03422188730530316
3 0.18553092439319413 0.3587625492212124 0.03499324905006951 0.02756271034569897
3 0.1024826882609025 0.332892719516899 0.05218074905006946 0.02806281551854841
3 0.02917247483003445 0.325287156505633 0.03655574905006946 0.027608174452321686
3 0.04274466555947891 0.3131736014119258 0.034993249050069467 0.02756271034569897
3 0.06547365074184001 0.3107078309579546 0.030196646276527784 0.022738818025830908
3 0.18891049753145803 0.3479159774344578 0.06787848423243056 0.03164245658477523
3 0.4366751970946178 0.38405102038746414 0.055342116641249994 0.029716243731793844
3 0.8199195357161105 0.6117551008832004 0.14905705547083342 0.09802362602253219
3 0.599316748197048 0.584228179796091 0.22543902393569457 0.1595809031404208
3 0.7685038125015968 0.5367718212580292 0.07620013050895835 0.05374477711788863
3 0.9103451671749994 0.5893692870140045 0.07954333605604162 0.06321070533113407
3 0.9347645921368745 0.5478637486133447 0.10160017401194424 0.07165970282385174
3 0.8397618698722912 0.49819270605604987 0.061810322188333086 0.03927310015828454
3 0.7066402453472566 0.5076095069931219 0.07914329255305556 0.04602320533113406
3 0.7588937295796871 0.47942232251167044 0.06646145459715277 0.03784699247815269
3 0.5061869568782635 0.4540883872387961 0.06184668977951393 0.04083560015828454
3 0.4824409855636108 0.4330711935861446 0.05872168977951393 0.0407446719450391
3 0.5116199924974649 0.4221935295586642 0.04287848423243048 0.03091503087881229
3 0.5712489124253469 0.4466001476636373 0.05556032218833344 0.039091243731793665
3 0.5602393304533677 0.41579041686396734 0.05218074905006951 0.02806281551854859
3 0.5981023531547913 0.43487303747622297 0.04920121941479181 0.03422188730530316
3 0.644559125856215 0.45420571067490345 0.05388871941479181 0.03435827962517131
3 0.7139449054914927 0.46247886341961275 0.060175087005972294 0.03610263605166182
3 0.7384545962209371 0.4506835570722643 0.03808188145888884 0.026091138558944495
3 0.6774079934473954 0.4535979569139797 0.03659211664124999 0.029170674452321597
3 0.8285165517680205 0.4439227432030684 0.0490193814588892 0.026409387305303157
3 0.7901807503812497 0.44515262259081273 0.03960801386770836 0.024574102665567032
3 0.7583495221327426 0.4356268584050477 0.042769381458888846 0.02622753087881229
3 0.6896904411106941 0.4297201877136498 0.04596711664125017 0.02944345909205772
3 0.9112745003812496 0.4486760908540705 0.0537068814588892 0.02654577962517113
3 0.9642540300165274 0.45647187047924176 0.05214438145888885 0.02650031551854859
