3 0.20533731608049632 0.6080054446107039 0.2254010840229081 0.1856810813333123
3 0.07998113804899774 0.3666798597529067 0.11836928668045392 0.11044243776222684
3 0.18529479937140733 0.2942622533239923 0.11199201734563577 0.09903134108157471
3 0.4041993407065436 0.32411938714681565 0.12471019334818116 0.11872853444287887
3 0.5771043227641319 0.7610660479393407 0.3088499306969986 0.24664373735195272
3 0.887240749403224 0.5816208819719455 0.21913290268936264 0.18364498465266035
3 0.35314427601845366 0.1625773132866804 0.052162484006999674 0.055469672615379786
3 0.2764999600174992 0.1497445039486922 0.05837612133990877 0.05281826929603186
3 0.15792268268618093 0.15558991701630237 0.05841248400699968 0.05594326929603186
3 0.08648348734881747 0.1205152547738848 0.05530566534054511 0.05726897095570584
