3 0.1375 0.7871890587651855 0.275 0.24124688246962905
3 0.48515625 0.718491828086251 0.2734375 0.2801726814328699
3 0.7640625 0.6511219430247237 0.253125 0.2487080679549994
3 0.26953125 0.5475128211590283 0.2078125 0.21036873788898108
3 0.20625 0.3733617131477782 0.171875 0.16972461404351816
3 0.43828125 0.2749366091890286 0.1453125 0.13927569641861082
3 0.55078125 0.3229066345423622 0.0859375 0.13408105702175907
3 0.32734375 0.1869861327989358 0.1375 0.13077969123481453
3 0.51875 0.19836525579592693 0.1421875 0.12181479434509228
3 0.67890625 0.14919714952810317 0.1109375 0.09876827360990718
3 0.58359375 0.06534841277041778 0.10625 0.09679567049962942
3 0.47890625 0.051069882233287955 0.096875 0.09128796427907389
3 0.71015625 0.04646312879291803 0.0953125 0.07396376324231464
3 0.70859375 0.3833185798296773 0.31875 0.4138245114988882
