3 0.7079884715225776 0.8855440101553407 0.26227185462398894 0.21866922852997775
3 0.3135961530957413 0.5707154583365016 0.12262402286549072 0.11162836729005096
3 0.5645336597191634 0.5200467960633025 0.09189981252120454 0.08176815046753809
3 0.6342831645284868 0.5133922750842596 0.08559524881887377 0.08016928903121964
3 0.5643079704262692 0.4817746364223822 0.07260417549789597 0.06603406615858276
3 0.8268898159797656 0.47790370609700644 0.05643353847458741 0.05031816256778665
3 0.46232880817521715 0.4495621001216369 0.07556548439090349 0.06136474687674216
3 0.3701413081752173 0.4500984313073344 0.07583830290255769 0.06917724687674216
3 0.3009374403892024 0.4411279522863774 0.09507937622353531 0.0833488311856975
3 0.26951880399886596 0.3343012353656688 0.049801592558271414 0.03934430113146821
3 0.23078617541307792 0.2579796298812787 0.04991071996293304 0.042469301131468205
3 0.3508407258685649 0.3541364915139889 0.05616071996293304 0.04250566256778665
3 0.3901760443802192 0.34609673253699846 0.04037202885594056 0.03772725897699045
3 0.4228794169755575 0.3490308349963265 0.03870040145127884 0.03459316861791084
3 0.35063239474303887 0.33773478669352863 0.051309528855940555 0.03779089149054773
3 0.6114781255057451 0.3612121515476927 0.03859127404661713 0.03146816861791084
3 0.47287941697555747 0.3487399435057787 0.05465278366526398 0.04405907220870695
3 0.5495138388452563 0.3686024707313376 0.04015377404661713 0.031477258976990455
