3 0.3698827914671067 0.46328125 0.18369426483072288 0.1515625
3 0.15098734572183276 0.43828125 0.17110336123992673 0.1359375
3 0.2618930294650541 0.4328125 0.09900110226293632 0.096875
3 0.4886146107489474 0.46015625 0.11458065046753826 0.0890625
3 0.540944725210328 0.4578125 0.07693520472226431 0.0640625
3 0.5854668848512483 0.45625 0.05497839149054773 0.05
3 0.6151498396717086 0.45546875 0.03769998789975162 0.034375
3 0.6339043848512483 0.45625 0.026726126463433177 0.028125
3 0.7098219902374426 0.4796875 0.09420451795398091 0.078125
3 0.6526498396717086 0.45546875 0.025136355386194253 0.0234375
3 0.9755651649054776 0.5 0.047120439695149584 0.0421875
3 0.8543577854169824 0.48046875 0.023573855386194255 0.0234375
3 0.8238663095192834 0.4765625 0.02510908430895533 0.01875
3 0.8519185866466465 0.4640625 0.037727258976990544 0.0390625
