3 0.7942343934354554 0.8145382805174085 0.18804542154477702 0.10795790041956295
3 0.46683610128097774 0.780358654368255 0.2114011083130606 0.0956713879720084
3 0.7341867068635637 0.6944141120512137 0.1585033672900508 0.13070831618646536
3 0.9208776649054776 0.5695595124707766 0.1381635962128122 0.12448162697434614
3 0.463819664709086 0.6645560556130106 0.18214085518980241 0.16685930373891084
3 0.5023821949597069 0.5815785348670862 0.17429199375348398 0.16001730788809568
3 0.722599246189371 0.5818665678600725 0.12556360226293622 0.1063469336130419
3 0.14605999296791716 0.6763993244848352 0.25119992739850955 0.2251938672260838
3 0.25549355942108753 0.5605277159813283 0.15083631303532483 0.1551163203356502
3 0.055211758289619384 0.4969351222004613 0.10526019262201591 0.10637024440092269
3 0.09307939695149678 0.4287421518694554 0.11622496369925477 0.11188653859206373
3 0.15930838494944424 0.40330536660138383 0.09425906010845857 0.09460395020978148
3 0.2947418909013726 0.46120314482048547 0.11298178903121973 0.09133724025173784
3 0.5056521198241337 0.4724995327924937 0.12087610226293624 0.105991736102553
3 0.6925390414671067 0.5155544836269751 0.11142837939029934 0.0927813410815748
3 0.8048435987468949 0.4904854738787128 0.1067136083130606 0.08773864357108571
3 0.6912896379745064 0.4350265340418936 0.09737496974937905 0.09327824855010754
3 0.3561970204880637 0.4205674120419249 0.09261474687674198 0.08042305103961844
3 0.5238885145361353 0.38563907283445004 0.08638292759490121 0.08307445435896632
3 0.3816964693565955 0.3740834983496148 0.08159543364502539 0.06553175684847723
3 0.679152731456844 0.36226354026567087 0.08164997579950324 0.07490675684847722
3 0.6695731983775526 0.3263968952446928 0.0706670240041051 0.06626546265733602
3 0.6428743429913583 0.30094660935192136 0.05180793969514959 0.04609467261537983
3 0.5485612616092691 0.3312834595570584 0.06748748184962743 0.05665366431701004
3 0.5655896803253757 0.30524210042885164 0.06905907220870695 0.05833456348717307
3 0.4344714905320302 0.3179528201351577 0.07851588544042354 0.07310745850815117
3 0.1790345567888089 0.30406330581350327 0.07223861436318471 0.06794636182749905
3 0.3072186441228264 0.3239282877668712 0.07063975292686617 0.06157796265733602
3 0.2953862646343312 0.3035090439906485 0.06906816256778665 0.05989706348717298
3 0.27175786709365923 0.2689205564382031 0.05181703005422929 0.04765717261537983
3 0.3256186652982611 0.26519282780882747 0.05024543969514968 0.0459762734452168
3 0.38342207493918157 0.2680110971048594 0.05023634933607006 0.0444137734452168
3 0.2513226472460844 0.2462876172260838 0.0596386204133089 0.04981166846619498
3 0.47792605386194265 0.27048674689972235 0.05021816861791084 0.041288773445216795
3 0.036528894221022276 0.238601481328668 0.04719316256778662 0.058239475104890734
