3 0.19678970255854908 0.637938685898592 0.2641710326872898 0.23657116252983137
3 0.40492499462899295 0.768411628207325 0.29204466041123067 0.25655833085063084
3 0.6243576916627859 0.6927801197302695 0.2755784262506726 0.22152835938667828
3 0.7081531734775555 0.5635056885891885 0.20980060694082053 0.17174237510244375
3 0.7780664717521856 0.44344359160850716 0.1783320856534969 0.16716188296032683
3 0.6757334294296402 0.3812411521952583 0.16619271857321785 0.1494649607105857
3 0.8257441371070948 0.3072856137344136 0.12330609604505724 0.0929580955329393
3 0.6471603151993527 0.34441539433737545 0.13697511213660044 0.13253001778268034
3 0.5421011106239912 0.2877908668347855 0.15045845792955603 0.14717471463952717
3 0.6469907064169469 0.26888885546224595 0.10313570767745457 0.07177230024766904
3 0.32898375158948384 0.295380850704735 0.12763296312533629 0.11029114474715093
3 0.3430898102556742 0.24955892845499403 0.12519637797604233 0.09771837014004517
3 0.22965002312890886 0.22369424938082746 0.14530106436617354 0.1625086162111037
