3 0.8309480773750686 0.600274610469895 0.1537795058537327 0.11606402393569457
3 0.9433526286047325 0.581249893904895 0.07849770472226432 0.06588087955902786
3 0.8930571919346448 0.5316324068226729 0.08625566256778683 0.056687717514930645
3 0.6927935715213359 0.4909749584937842 0.07058521077238851 0.048511541603124896
3 0.6526952914671067 0.4481523320688884 0.04863748789975162 0.0355023953265972
3 0.10110097521032799 0.4555213417556249 0.1976204094445287 0.13270731648875014
3 0.3575555082896194 0.48471330680201363 0.11143746974937896 0.08851959897381967
3 0.36420496320827545 0.41892465264170103 0.06121021077238851 0.04829333605604162
3 0.4590498305965223 0.4706306633752774 0.06593407220870695 0.05465243882958326
3 0.5426708516737611 0.4733724972471176 0.06591589149054791 0.05152743882958344
3 0.5721538185944697 0.437525263014687 0.05177157825883114 0.03713763050895835
3 0.4884373487468949 0.4183771791428468 0.05019998789975162 0.03553876291777769
3 0.46257883069471817 0.40569599439732607 0.0361102168225127 0.03052395459715278
3 0.5336953065924173 0.40794751899861065 0.039226126463433174 0.02903418977951393
3 0.5759555294650541 0.41946559403673567 0.03450226502711473 0.022675087005972296
3 0.5844947373105764 0.4098905722852426 0.0517352168225127 0.030887630508958354
3 0.6509646198241337 0.41928244966006895 0.05175339754067192 0.03401263050895835
3 0.6884737101832133 0.4199721274717355 0.048592036104353475 0.02768989532659738
3 0.7854941559284873 0.4427173368185411 0.04549430718159222 0.03230466014423605
3 0.8550572221852658 0.44656772901100616 0.042342036104353296 0.02754442496187508
3 0.8198464300307883 0.4380109998125688 0.04233294574527378 0.02598192496187508
3 0.9779078731437835 0.4538327555121519 0.04418425371243302 0.029216027735416716
3 0.894092451108027 0.44097103923149233 0.039198855386194255 0.02434668977951393
3 0.26379589704969264 0.35093967847725677 0.03453862646343318 0.028925087005972294
3 0.1541436410977643 0.3058291598598957 0.031386355386194255 0.024164851823611146
3 0.12129932484098564 0.3011241292746874 0.029823855386194253 0.02412848423243057
3 0.12434705678880889 0.28777014409232626 0.028252265027114642 0.022529616641249993
3 0.37240328258831207 0.35075588089020804 0.16133747579950314 0.07249586189159736
