3 0.7265625 0.6046875 0.3890625 0.440625
3 0.3390625 0.6609375 0.3734375 0.45625
3 0.13125 0.3640625 0.1703125 0.2265625
3 0.809375 0.2828125 0.11875 0.1625
3 0.25625 0.2375 0.090625 0.13125
3 0.3015625 0.2203125 0.0828125 0.115625
3 0.3609375 0.1984375 0.075 0.103125
3 0.7671875 0.2140625 0.0734375 0.1140625
3 0.796875 0.1578125 0.0421875 0.071875
3 0.5078125 0.1640625 0.05 0.0734375
3 0.5578125 0.15 0.0453125 0.0609375
3 0.621875 0.1515625 0.040625 0.053125
3 0.321875 0.371875 0.0859375 0.078125
3 0.33125 0.340625 0.0734375 0.0484375
3 0.340625 0.31875 0.0734375 0.0609375
3 0.4046875 0.2625 0.059375 0.0515625
3 0.425 0.24375 0.0484375 0.040625
3 0.68125 0.35 0.078125 0.06875
3 0.634375 0.315625 0.071875 0.059375
3 0.65 0.2390625 0.0484375 0.04375
3 0.6703125 0.228125 0.040625 0.04375
