3 0.8609375 0.6328125 0.0921875 0.0734375
3 0.2875 0.759375 0.1046875 0.0421875
3 0.315625 0.5671875 0.053125 0.040625
3 0.425 0.528125 0.0390625 0.028125
3 0.39375 0.4890625 0.0265625 0.01875
3 0.3734375 0.4734375 0.021875 0.015625
3 0.45 0.4765625 0.0203125 0.015625
3 0.596875 0.4875 0.028125 0.0203125
3 0.5625 0.45 0.0140625 0.0140625
3 0.58125 0.4453125 0.0109375 0.0109375
3 0.4203125 0.465625 0.01875 0.015625
3 0.434375 0.4515625 0.0140625 0.0109375
3 0.4640625 0.45625 0.0140625 0.0125
3 0.128125 0.6015625 0.2515625 0.2265625
3 0.628125 0.4609375 0.05625 0.0578125
