3 0.6970956907857597 0.7603190803527884 0.12729556576151388 0.10676028896022594
3 0.7408462065375753 0.6081759277550006 0.08568215060882309 0.07482845048646744
3 0.671235337142519 0.577315665580136 0.0801018303053814 0.0638091298696164
3 0.5073003829001536 0.5760144439903503 0.08804187606301603 0.06550799756436802
3 0.6164841932016557 0.5373531387947749 0.07933655575957417 0.0544341298696164
3 0.7884389415346658 0.5317731148487874 0.06476387272903601 0.047938668019063255
3 0.6737706636548786 0.5032469200443629 0.06556109818322878 0.03859094155801355
3 0.6516884985021879 0.4716560008074836 0.049170823637421715 0.028943206168510115
3 0.7707573628962743 0.4776350397677095 0.04566318636451801 0.024201159090609537
3 0.5499027289573505 0.48626219723676123 0.05723841515269079 0.03220457386326192
3 0.5289844510775634 0.4593724147693571 0.05711086939505616 0.03064207386326192
3 0.44145250016917786 0.47656782304918777 0.0781886439408634 0.0403716298696164
3 0.33767366698885853 0.5145433356310894 0.08000623545613247 0.04352390340856669
3 0.273818590017457 0.4681808043815014 0.07831618969849785 0.0419341298696164
3 0.09910550350315775 0.487755144480113 0.08883910151720872 0.05616027110331849
3 0.342631589268551 0.6995223076279122 0.22232050758604371 0.27692851298564347
