3 0.16815368246667511 0.8432019068935744 0.2355840177575892 0.2159970553496283
3 0.12223667358788053 0.7377133095259796 0.1601294998036083 0.13525299763774737
3 0.5502531101597723 0.8682614821134687 0.2102749455488821 0.1619990361123346
3 0.6738218994855796 0.7608805464487718 0.19776585518980258 0.16000002649368775
3 0.38459122784260663 0.7218800115175634 0.15865790339440444 0.15082343393541642
3 0.44506511952954614 0.6443204959084667 0.13189541549465283 0.11552085099579194
3 0.14522367993259233 0.5268402969121079 0.07379202400410509 0.06350199400955034
3 0.024861182957654424 0.514045141832632 0.04401362041330891 0.04684028366526398
3 0.9609885387366323 0.6327208632311455 0.07802292252673552 0.09189981252120454
3 0.7664810563960255 0.5766543685886231 0.09416815651766246 0.07514882213985138
3 0.9842760478118183 0.5679143187661083 0.031447904376363314 0.06213790145127884
3 0.6804890142415477 0.5642783649604259 0.07532725292686634 0.05886905771188111
3 0.8413628817279903 0.5589609263005041 0.0753454336450254 0.061994057711881115
3 0.7451100504440971 0.5282615086071566 0.07529998184962743 0.054181557711881115
3 0.6435384600850175 0.5231523679556509 0.07217498184962742 0.0540724303072194
3 0.5435657311622564 0.5243477910064762 0.07688975292686617 0.05892362141421188
3 0.35440323721238054 0.5005580830244426 0.058067030054229286 0.0457688569862416
3 0.904883984481906 0.33388156994723467 0.1471658914905479 0.05512898801910042
3 0.02229017398066398 0.4749007962791357 0.03922612646343312 0.029489092558271323
3 0.09413790290342514 0.47272322658635507 0.0548874878997516 0.03628472958157989
3 0.18008449326250475 0.47728673021455215 0.050172716822512696 0.03143353847458741
