3 0.2663663711014389 0.5940521153121703 0.11000635277546911 0.10086061151914834
3 0.33612045558811926 0.605196651526907 0.07142401384016442 0.07123701333591939
3 0.43690170558811925 0.6134233528943346 0.10637201680591399 0.08810552000387943
3 0.4992743715957305 0.615400183199716 0.0686173488211363 0.07879442182065048
3 0.3711812050938277 0.6057226810736841 0.0539818458553869 0.06358401000193972
3 0.5575816201128557 0.6131518991110111 0.07448534684397004 0.06992960485118864
3 0.6013952871090501 0.618285680324778 0.037911176882026075 0.051371052425594324
3 0.6531978676413978 0.609277213205535 0.06453734387822045 0.055101830305381405
3 0.8583947036109528 0.6384857074556591 0.0596588428896375 0.05003169303247788
3 0.8635941981737453 0.6132146404861973 0.04677684091247088 0.039636326971401556
3 0.8798465978697342 0.5343402124566289 0.025700336958138337 0.019228232122152633
