3 0.7899679494350408 0.7082751724351241 0.32645560136854374 0.27632564111185864
3 0.5678191347469509 0.5620087613084191 0.20543402936027136 0.2090828301668676
3 0.28745092942390493 0.6525296992317744 0.23390447469763495 0.2402442989592032
3 0.4692436327179976 0.35376357134889885 0.12792610001590835 0.1238203595655099
3 0.08877543006045177 0.44093153720055833 0.16936926002545336 0.1962619255988834
3 0.6404095607097252 0.28381848428462614 0.19148061736154426 0.21772084577069997
3 0.4207328600413618 0.28282362958035623 0.09789315467854501 0.09257700361804462
3 0.5064516366963623 0.19234139247065501 0.08359429734245402 0.07152751922187686
3 0.27683740937299817 0.2778572478522935 0.07897952267663592 0.07753185775648763
3 0.28185162603436203 0.23850814280933932 0.0757454346753633 0.06799308344622812
3 0.3599851693586807 0.1679665914752868 0.06308180267345431 0.05327548620519007
3 0.27120448002863506 0.19685290931768268 0.05993862133990877 0.05154921189493056
3 0.33850052068745357 0.13547831806953847 0.04414998933799978 0.03666784034363304
