3 0.4216577751572128 0.7650864195048334 0.1477671185055307 0.1465460306460784
3 0.41590087864850506 0.6141778355124445 0.12093188311602728 0.1298386917107738
3 0.18399235957378157 0.6117545365775775 0.12882620373287823 0.13484452669174568
3 0.13407595454036184 0.7486841922050653 0.18112508928453744 0.1791330375661607
3 0.1869070795420095 0.5103830375661607 0.11268300649282174 0.10452035672980173
3 0.40528888676617986 0.4982026670333754 0.10174550649282174 0.10407468775644109
3 0.21716554951023737 0.41012571098814565 0.10489778003177212 0.10576452174882985
3 0.20498710348799692 0.3385862920147849 0.09538641233702042 0.09757001977166357
3 0.38889449918592583 0.3640359140676259 0.08905459172016936 0.09262785178688589
3 0.37933431290291797 0.4424964950942652 0.10314436525911974 0.09476335475263546
3 0.7090178587630026 0.5004296477931846 0.12219437418757337 0.112714858706968
3 0.9052849326262645 0.5630755223174836 0.12359323295387128 0.10340352570316255
3 0.7526706270269472 0.36246407418091914 0.08562958279171565 0.07531301779449713
3 0.6505996124164507 0.37391888593018646 0.09050799756436803 0.08644151878308026
3 0.3572569411509765 0.25110749113993247 0.08261367694751698 0.08143568380210837
