3 0.24581997533350658 0.8195732728399214 0.1676654742462448 0.10991498982323478
3 0.7033302310833824 0.6397385244218011 0.08657497091226496 0.0885512449116174
3 0.7081776145632641 0.5085261459730986 0.0485011439408634 0.04143722749876275
3 0.254509964872525 0.6496668865893028 0.09712983363936134 0.0844369549975255
3 0.47204840911295076 0.6081698626177277 0.06045901000193972 0.05451043758467104
3 0.39349297441542264 0.5892726984388049 0.05357128121376693 0.04637038896415202
3 0.3615734236568183 0.5603730924913396 0.07672173879011232 0.0631418091359686
3 0.4323802601711176 0.5415245952048731 0.03498077787978708 0.028282130257724702
3 0.48032355259477216 0.5284790405914602 0.03874350666795969 0.036258404567984216
3 0.4459645280489649 0.5173434667561706 0.028348140606883378 0.02326708163720568
3 0.4921699772903606 0.4925382185651929 0.021843049091614476 0.01981453301668683
3 0.6347082925928325 0.48522808683713003 0.030165732122152632 0.02647396879233561
3 0.6224953350164871 0.46902987675122176 0.023278003333979846 0.018333920171816585
3 0.5710284298657362 0.4865582134768102 0.025095594849248927 0.021540807326946167
3 0.5976388562283145 0.45994812584671063 0.01833541181871077 0.01496325870642714
3 0.5561528578953044 0.4663309226582074 0.016772911818710767 0.014881371551297562
3 0.46653224850218794 0.48341552408311694 0.016772911818710767 0.014881371551297562
3 0.4418511128962743 0.4860115796010408 0.020025457576345218 0.016607645861557073
