3 0.8328125 0.3578125 0.1234375 0.1
3 0.64375 0.24375 0.071875 0.059375
3 0.84375 0.2359375 0.0875 0.0640625
3 0.8359375 0.1671875 0.065625 0.0421875
3 0.6953125 0.128125 0.0421875 0.0359375
3 0.6234375 0.1125 0.0390625 0.028125
3 0.559375 0.103125 0.0328125 0.040625
3 0.76875 0.1203125 0.05625 0.053125
3 0.3765625 0.3375 0.09375 0.103125
3 0.1984375 0.4515625 0.1453125 0.15
3 0.125 0.2984375 0.096875 0.0875
3 0.3125 0.121875 0.040625 0.034375
3 0.3796875 0.14375 0.040625 0.0421875
3 0.3859375 0.1171875 0.040625 0.034375
3 0.74375 0.203125 0.059375 0.053125
