3 0.5417000890076917 0.3256081072697966 0.14933300050420312 0.1565991972858944
3 0.44144835275344657 0.4637251023261181 0.16495800050420312 0.15769180372251163
3 0.8311835700661566 0.5627157152958977 0.3376328598676867 0.19653505447881656
3 0.17204315286966207 0.3608778798176278 0.108478771539425 0.08377370248167448
3 0.39533318739853734 0.3319177274521688 0.04612088317182241 0.05920003737886681
3 0.46544359160558174 0.31288386816555985 0.029731058666190434 0.047169930942249486
3 0.20109078654568763 0.5629649037028412 0.2300909636295394 0.26642194753799603
3 0.6420332247774041 0.35706056704093814 0.048994510895763274 0.07805929802252853
3 0.8971027730520342 0.456984885342384 0.12108803218308672 0.08621028763096845
3 0.3344503177203682 0.33696014255497647 0.1307251121366005 0.13508483020561535
