3 0.4619019912078694 0.9022044313504782 0.3642635893539081 0.16844620884855885
3 0.36483718189055053 0.7888204815981471 0.34551468403881636 0.3018751389561828
3 0.27134390993000324 0.5027075072387104 0.27785446936663477 0.25812083085063087
3 0.13374555462286564 0.3162520845746845 0.2084499413589988 0.19866874813797314
3 0.08399209731063742 0.16318489660917784 0.10012836401972636 0.14989730024766904
3 0.955764910606321 0.3997748666298977 0.07996131468809012 0.1614512303552929
3 0.7775580946053664 0.41510242183996543 0.22883516669318063 0.20586481803034928
3 0.5852086046308198 0.2366628604246447 0.20848630402608972 0.20179374813797316
3 0.43495516064609185 0.13122199731391287 0.14845677601845358 0.1427783130679506
3 0.35427787265277333 0.08578752688341744 0.12623633068109025 0.11207196856846861
3 0.6967915419716831 0.17602711332012883 0.16542610001590852 0.12482883374611502
3 0.8972727999681833 0.19245682630702615 0.1749283693507266 0.1362029813887502
3 0.9501619899745467 0.1431438769689799 0.09705790802036277 0.1544392510334573
3 0.871083564648319 0.09451163193137864 0.14498633068109043 0.11294526385373889
3 0.6793051446530916 0.06830665860539911 0.1512908746817267 0.1179238622821623
3 0.5175591226527734 0.07818258044085535 0.16702496268299924 0.12802660835322088
3 0.5205392193268639 0.028737064103662495 0.12260225334181776 0.05747412820732499
3 0.3707119419955457 0.025716975807178903 0.13357611600890867 0.051433951614357806
3 0.22077557666295472 0.0236686323411542 0.1271988466740906 0.0473372646823084
