3 0.8140625 0.525 0.1765625 0.16875
3 0.58125 0.7 0.2078125 0.228125
3 0.603125 0.5296875 0.1453125 0.1421875
3 0.3984375 0.4875 0.16875 0.1578125
3 0.328125 0.68125 0.234375 0.228125
3 0.0890625 0.290625 0.1203125 0.103125
3 0.6921875 0.215625 0.196875 0.09375
3 0.4140625 0.15625 0.065625 0.065625
3 0.3390625 0.1296875 0.0640625 0.05
3 0.4390625 0.1078125 0.0609375 0.0515625
3 0.6109375 0.4203125 0.0609375 0.0890625
3 0.6984375 0.0734375 0.065625 0.0421875
3 0.8359375 0.0953125 0.0890625 0.0484375
