3 0.16460082855350666 0.3531289530794803 0.12899912860909732 0.10984452669174569
3 0.3600607585493748 0.2539605771094876 0.0748922036472223 0.06549234882113648
3 0.1604062506655901 0.2309674515966055 0.08906380642076392 0.07075285178688588
3 0.1721626746775346 0.16263128707186905 0.06820579255305556 0.04648768083635883
3 0.3151320778879166 0.13483123372555866 0.044622822188333355 0.03928267589344294
3 0.3873162024129513 0.12447866555050066 0.04131598423243057 0.031342841901054186
3 0.45232360657326376 0.12008959589256792 0.03691942496187508 0.043651840912471006
3 0.24194915102618048 0.12090138490442226 0.0590853656913195 0.05704317885919252
3 0.620941747531458 0.36781346596824255 0.09931162860909737 0.10863485376405224
3 0.7923601930105552 0.49522483604391726 0.15360039152687505 0.1607995316346617
3 0.8747759155594789 0.347658769351734 0.10210932028847211 0.09469968775644108
3 0.697780923727604 0.15746089779318456 0.04458645459715278 0.03772017589344294
3 0.629357578837847 0.17422263345872854 0.04316942496187508 0.043906508897248564
3 0.6245252616835069 0.14665604897204818 0.04146145459715278 0.037592841901054184
3 0.2618784848980207 0.20538647285114373 0.062210365691319505 0.05717051285158128
