3 0.38603606946208496 0.9637032456875932 0.13701019867918127 0.07259350862481355
3 0.43311960745540345 0.9255494769762507 0.1502192706874535 0.14890104604749865
3 0.45565713144490394 0.8582893138046599 0.13582950668363553 0.13596893515656988
3 0.3376332901018135 0.7768483819820696 0.14386018268618087 0.15535666394474285
3 0.5275861281030861 0.8017201915346657 0.10908519334818116 0.11817565727678314
3 0.4270765034213596 0.6826835359248727 0.09316929201145392 0.09190019970043757
3 0.5750600174251776 0.7228616100213363 0.10114542401336309 0.10660042848861018
3 0.4709895880808145 0.633193590017457 0.07892497867599957 0.0751272878817268
3 0.570617418085587 0.67644899562725 0.08524770401018138 0.08188747091226496
3 0.5655481100811326 0.6432538583543463 0.07416475334181775 0.0684946506088231
3 0.5846157360757237 0.605004430324778 0.06159202800763595 0.061224284547746775
3 0.5780839254057695 0.5802754972942399 0.05052725867281786 0.04939396424430527
3 0.6013214307367696 0.565001183658758 0.0504727146721816 0.04470646424430509
3 0.6268390514003606 0.5444494386597277 0.04100680800445424 0.03612868969849785
3 0.6755674527370876 0.5734033571463983 0.04580339600572696 0.04588632697140156
3 0.6366316747294516 0.5140284860843523 0.0364102146721816 0.043558552425594324
3 0.6435992900620426 0.5091336919937077 0.04431362133990877 0.05200878121376693
3 0.6847510013924063 0.49063865457102285 0.01893181333545435 0.017155549091614476
3 0.7007578093968607 0.5247266121473683 0.03791817067154533 0.03899859818322895
3 0.6172458753978153 0.5249341641139206 0.033212489337999786 0.03705346091032524
