3 0.6113374021066352 0.33877874147791565 0.13536315727678297 0.11740283278320493
3 0.631378190447404 0.1408264935525081 0.07397937606301604 0.06927206348717307
3 0.6531572087842934 0.04522965102104086 0.04757637272903601 0.05019017676456468
3 0.884359282421715 0.010142580072301604 0.04993609818322895 0.020285160144603208
3 0.4018821380218096 0.19393187322614655 0.1948973960668953 0.18092180373891079
3 0.2669498022564164 0.41068351057345487 0.33730752092196326 0.36563053569227877
3 0.19528164506422244 0.7687104207412799 0.3905632901284449 0.37763547345450554
3 0.7285242574168659 0.13967654541731905 0.2038575500096984 0.2716652029090738
3 0.8134091825714961 0.06278907831005913 0.12554161818710838 0.12557815662011826
3 0.5882656613596688 0.06024026699772485 0.10267820303441759 0.11647895020978143
