3 0.10778145123138458 0.7955826440923263 0.21556290246276916 0.21170513867708357
3 0.30880447097442343 0.6797537030785413 0.22077383538669526 0.19716985999173636
3 0.21040666570961308 0.5914925965052775 0.1780754146981227 0.13684930262104178
3 0.139642787123825 0.5166393732907638 0.15581846878180672 0.12540265634451409
3 0.5175024030957414 0.5601457986338885 0.17662204210278443 0.1399379350298613
3 0.5649750815040442 0.854893947760208 0.22901786660488846 0.07558580072118062
3 0.810426479960098 0.7781450373316312 0.24873514427970278 0.19313697663298618
3 0.9151016001931837 0.6195856952916658 0.12996529691210768 0.14509690729444458
3 0.7537598508261558 0.500784409956805 0.15732640507947587 0.12387652393569457
3 0.48592007559841244 0.45862031943545095 0.15678076805616747 0.10825152393569457
3 0.32394835445435294 0.42492073271381914 0.13625001324684388 0.10152874525034736
3 0.23790421624991803 0.36291300161552065 0.10628969473518968 0.09302526101791679
3 0.07930054256612062 0.38924237832475683 0.12078870435383648 0.1058525693385417
3 0.07143596806401656 0.3238537676674305 0.09124504809323424 0.0645729526972918
3 0.029481624957590997 0.36715047919843746 0.058963249915181995 0.08757404160312507
3 0.2632960858500314 0.328755553952222 0.08850199400955017 0.07543771751493064
3 0.31374251915247564 0.29245372483003446 0.10160219473518968 0.09291615824437507
3 0.39931792060375454 0.2561148749062844 0.09620536660488854 0.07249455547083343
3 0.034707327497328945 0.23739024401607636 0.06941465499465789 0.06896951196784729
3 0.07191217241785305 0.2208015028497916 0.07718254809323424 0.06424564437666672
3 0.10487100535747759 0.1934934672305902 0.08548612141421193 0.0784899823325695
3 0.16915176016680103 0.18575239599218735 0.09269842068857255 0.06148432028847228
3 0.291217733124959 0.17744697388010394 0.07254961179556503 0.06569904160312508
3 0.2098412475529293 0.16060627241708314 0.06095734736759475 0.04669446846486114
3 0.20511903121819325 0.11700174278180538 0.062410719962933126 0.043605836056041715
3 0.3977405516366133 0.16716147767982606 0.08526786660488846 0.07223998233256954
3 0.41740077640886974 0.11830575038124964 0.07540179328391083 0.05795927678548618
3 0.5458258767716895 0.10672985790444398 0.07512897477225647 0.05014677678548618
3 0.48950890018533444 0.1993726060045829 0.08962798439090332 0.06297408510611117
3 0.8183134572642434 0.23933711046989514 0.09916667549789579 0.0678797906531945
3 0.8425247727806727 0.19427853039777707 0.0929166754978958 0.06773432028847229
3 0.6680679206037545 0.24985964922322862 0.23921630054030488 0.23350740349472243
