3 0.9179798545764936 0.5763570679070986 0.13550370174736132 0.11639768052176755
3 0.8515904819513199 0.5095735680052945 0.11482752583555537 0.10065450585373234
3 0.8943579037790629 0.4340513932390636 0.11620818787965277 0.09285109621281204
3 0.6103075992581599 0.3121026286047325 0.14789459897381949 0.11178290339440444
3 0.7947553344405212 0.31630029097612733 0.12383884992375016 0.08508404800821019
3 0.4891034400638544 0.2395322161351417 0.10163654160312507 0.07089428298109554
3 0.25180542144649337 0.3475118460164204 0.1396106267092362 0.15860336123992677
3 0.37320056354204934 0.8981436259724539 0.2893560535709724 0.14853853571157033
3 0.9065397404037855 0.8874697463857627 0.18659603590354196 0.22506050722847454
3 0.5309740831093409 0.7631424329576545 0.22801981648875014 0.19817492134838516
3 0.251158643329827 0.7224573038619426 0.1940084924005557 0.21359993344863373
3 0.1771541796146185 0.5298652828828997 0.13121624525034736 0.13355790944452864
3 0.15182491166284756 0.41488972267624524 0.09785823138263901 0.10992951190385672
3 0.3157432477188893 0.47677262002052545 0.12452983415618064 0.11477154800821018
3 0.41925206705743107 0.5945464481811608 0.165700348023889 0.13844539734428024
3 0.7500676155944104 0.6784912187674204 0.21017769984750015 0.16994992739850953
3 0.5790621717308337 0.5470452551663614 0.16439242116215294 0.14937380698520056
3 0.4633085787409379 0.47372540895354937 0.10737870174736112 0.11623405405833438
3 0.4107641537790629 0.43123792710392195 0.0924070119678472 0.07708974082661779
3 0.3724822505686809 0.3974260084860111 0.0797251740119445 0.0692045179539809
3 0.12291735524208362 0.3475431413923519 0.06428201196784729 0.07692611436318471
