3 0.8636292282897026 0.6129363002521782 0.2727415434205948 0.18882717535011295
3 0.6669284661903437 0.576667122211469 0.1706953595655099 0.1342038337461151
3 0.7457661171402834 0.5119089553384114 0.07695864767057933 0.07060790653397539
3 0.6231065451140161 0.5325018992997742 0.11067190637700648 0.08932367328319835
3 0.5783772212787264 0.5009094509951852 0.07046298620519006 0.06562930810555194
3 0.6661295267966503 0.4717612983901514 0.09619997060135788 0.08085620181924558
3 0.1332727611928181 0.5106763267168016 0.16008540818602893 0.13994441149637388
3 0.25619900610443547 0.5848329565767566 0.26295810266810493 0.16967476095825482
3 0.4126603680447946 0.5517014712590649 0.12399077792830404 0.10553087014004525
3 0.43076191485629123 0.5085679013666888 0.0963637449116174 0.08398120181924558
3 0.48920185662483384 0.4580734416895604 0.03782090456798422 0.03761131596343468
3 0.4359130823145744 0.45742277833115946 0.042344630257724704 0.034704639784752266
