3 0.5430074493921323 0.7258156337642278 0.24727947994174038 0.1876925090451115
3 0.37501831584775286 0.6532456722079815 0.09776756175762476 0.08937011646291496
3 0.3268846927282147 0.6393369804394389 0.061329956584775226 0.07029921189493056
3 0.3188532323825157 0.6053304726375227 0.08549488229073816 0.0965275192218769
3 0.5318449773679508 0.6379847631174413 0.10990384890464337 0.07752521370395282
3 0.8375447110706148 0.7643680421773993 0.17546666442319178 0.13244508706427266
3 0.6947745378719343 0.7249038297166418 0.13227895407749274 0.09585913387576941
3 0.7280500391255755 0.7122057558813522 0.1263926669304743 0.10803158525525039
3 0.6235300236861694 0.6965575016974807 0.07020485141192587 0.05360303482570909
3 0.9430051008832004 0.7854441027837058 0.04321645407749273 0.09119156603337367
3 0.03295518481065593 0.5678901848711376 0.03517663354437942 0.0829696302577247
