3 0.4174035835724593 0.7824416387739926 0.1640810405319101 0.19582425911805573
3 0.17403824414286304 0.7591723654069791 0.16755886760421673 0.16624586189159735
3 0.8646712199225753 0.6281450373316313 0.1369163626613009 0.14211737765916688
3 0.7178466635733344 0.36412151776433965 0.0763661818249421 0.07358427678548622
3 0.6088974279077904 0.4346905505337495 0.11485036167271759 0.136920731382639
3 0.4403410874896109 0.40498813279006907 0.08644151878308026 0.0909899823325695
3 0.5671688898473382 0.25502188753972177 0.060486513840164416 0.06697060087368065
3 0.3908663750185905 0.18874619016076358 0.04234400889724856 0.043133057370694505
3 0.6276395217488299 0.0886143311189578 0.03265067391627667 0.03510235182361114
3 0.5760279422050653 0.10780139542350646 0.03245967292769336 0.030414851823611144
3 0.5165892752088709 0.10762086388836763 0.03089717292769336 0.03037848423243057
3 0.4714386012925943 0.07426415644142322 0.04078150889724856 0.04309668977951393
