3 0.8691069856602563 0.42500031398710825 0.05338862041330898 0.04840667889684287
3 0.7836512746914762 0.34719310337905995 0.028288626463433175 0.029763094710093262
3 0.4915041604264873 0.4915093346808598 0.03779998184962743 0.05374662628012441
3 0.4267507931364364 0.6139905504094056 0.02214771077238851 0.048149073663405775
3 0.45580703406125006 0.5865257030684764 0.017442030054229285 0.04475105787839038
3 0.5583734978587007 0.5422836084289703 0.017414758976990363 0.040063557878390374
3 0.46201664832623895 0.45886343465262486 0.014235216822512697 0.03050654735504672
3 0.4457194826351943 0.44106898990017934 0.012654536104353475 0.027290542093374802
3 0.4682398981298471 0.32885741623677345 0.0063227228726368875 0.012864021046687402
3 0.4932626240275463 0.32349508205002386 0.004760222872636888 0.012773015785015574
