3 0.8515625 0.7796875 0.1640625 0.1828125
3 0.7734375 0.540625 0.115625 0.1234375
3 0.734375 0.4546875 0.1015625 0.096875
3 0.66875 0.3953125 0.0859375 0.09375
3 0.584375 0.325 0.0796875 0.075
3 0.5375 0.290625 0.0765625 0.0671875
3 0.453125 0.334375 0.0828125 0.0703125
3 0.4046875 0.2921875 0.0765625 0.0671875
3 0.290625 0.325 0.08125 0.0640625
3 0.3140625 0.4125 0.0828125 0.0828125
3 0.159375 0.35 0.075 0.065625
3 0.0875 0.509375 0.1515625 0.1015625
3 0.2390625 0.553125 0.153125 0.1171875
3 0.46875 0.553125 0.2125 0.365625
