3 0.1203125 0.6299826550794758 0.0796875 0.11528274881887376
3 0.90234375 0.25416678809606924 0.0609375 0.10056548439090332
3 0.59140625 0.7097148613322289 0.15625 0.15076887023308566
3 0.815625 0.7011385026167067 0.165625 0.09015875244707079
3 0.7171875 0.5758259893698628 0.165625 0.17297125244707062
3 0.4375 0.6480903366526396 0.159375 0.1540029976377472
3 0.9109375 0.5146231384588889 0.178125 0.17809526206571746
3 0.61328125 0.47766625316486094 0.140625 0.1392857332097769
3 0.6734375 0.3860169557045989 0.1390625 0.12204366950744613
3 0.35703125 0.4780928059826005 0.140625 0.1345982332097769
3 0.08671875 0.5264657854793625 0.134375 0.11875497840045365
3 0.084375 0.40450893992586623 0.1328125 0.10776291469812271
3 0.23203125 0.41122770979613205 0.128125 0.11697422359113023
3 0.33671875 0.3617584778522994 0.115625 0.10091271397248339
3 0.45625 0.3948388510806099 0.1296875 0.113903787293461
3 0.60703125 0.3586979983555375 0.1296875 0.120153787293461
3 0.4296875 0.31344251814098534 0.1078125 0.09126489546082901
3 0.325 0.29650550008481796 0.09375 0.05327382213985139
3 0.746875 0.2401439497141491 0.1125 0.10080358656782158
3 0.83359375 0.20176598519351158 0.1078125 0.066264895460829
