3 0.6385517533007704 0.7634247549699698 0.3586002083076586 0.36286465612487895
3 0.5015075748858205 0.4265418576256895 0.15800452199532417 0.14772949375348396
3 0.06581731400001568 0.40986587939029934 0.13163462800003137 0.14928290339440445
3 0.21267390829372537 0.2052334424256242 0.0553512734452168 0.05029998184962743
3 0.18161408505829005 0.16128345452587262 0.04682837842423861 0.040879530054229285
3 0.24633943588812707 0.16322320442767674 0.035298882573423465 0.03300339754067196
3 0.21661696970630598 0.13256810206654457 0.03842388257342346 0.03302157825883123
3 0.2664393709510614 0.13520274355709233 0.03061138257342346 0.032976126463433134
3 0.39572412924943123 0.1515867885402404 0.043821777594401645 0.04242384933607006
3 0.39916936057809926 0.11643508371978024 0.03709818091374961 0.036137487899751616
3 0.4537268060139959 0.10815495110802704 0.03482528589277134 0.026753397540671964
3 0.4430619931515228 0.08386347823539009 0.030374584233097402 0.02985112646343313
3 0.3984239993753001 0.0953276981811608 0.03193708423309749 0.02986021682251274
3 0.34578760330541475 0.5733572494108248 0.420676923664287 0.5225305476154268
3 0.3456038848485086 0.2560288488450907 0.15866829544054095 0.19771131303532483
3 0.34328621348252863 0.12158112597245378 0.08328794191141169 0.10981133723582168
3 0.09970031161307327 0.21082893657189175 0.11730774440092262 0.1053238251355733
3 0.4481727777948943 0.24333847218526589 0.1406986228251613 0.14606699980360832
3 0.4998089006200555 0.09826232152133596 0.0591866684661948 0.0596931625677866
3 0.11566977634500179 0.144486319085449 0.04827247925407559 0.03932612041330889
