3 0.73125 0.6875 0.221875 0.1921875
3 0.49375 0.7921875 0.2453125 0.2078125
3 0.2921875 0.69375 0.2359375 0.175
3 0.2375 0.5578125 0.1796875 0.1359375
3 0.1953125 0.4328125 0.146875 0.1375
3 0.3109375 0.3828125 0.1390625 0.121875
3 0.178125 0.29375 0.1078125 0.071875
3 0.3484375 0.35 0.1125 0.1109375
3 0.465625 0.30625 0.1234375 0.1234375
3 0.365625 0.2765625 0.090625 0.053125
3 0.6765625 0.3375 0.1078125 0.0890625
3 0.6734375 0.290625 0.1078125 0.0765625
3 0.7921875 0.278125 0.1140625 0.140625
