3 0.44370001063015946 0.6201122676399973 0.09180460485118865 0.07637879353213642
3 0.5834002394183322 0.6206368108334492 0.10414510818516849 0.09413950361804453
3 0.9795828214510467 0.6022254890343245 0.040834357097906705 0.06750176051544958
3 0.6663087210814428 0.5213561058359236 0.06852660151720862 0.058044873360319826
3 0.5821889415346657 0.49045798790267076 0.06214905575957417 0.0561548247398008
3 0.6626578204726197 0.44779577510322904 0.05031873545613248 0.04464411465389269
3 0.5823645425928324 0.4253276328597166 0.07420251666989941 0.08945864767057934
3 0.2245513979030631 0.6363049129357272 0.2715552330402365 0.2771644448207603
3 0.6464270425928326 0.42197025949939676 0.05031873545613248 0.04464411465389251
3 0.6271350375918626 0.39708976820582403 0.041868506667959694 0.03642217887824382
3 0.5616695342578828 0.3832596415661439 0.038871052425594146 0.0378209045679843
3 0.5658788021357302 0.35793209294562484 0.036798369395056166 0.03148901741285455
3 0.6265292597120755 0.3704453810506943 0.04952151000193972 0.05393722749876284
3 0.7165005554697101 0.36729936963073356 0.03329073212215263 0.026637743102595035
