3 0.53515625 0.39524344619657914 0.0484375 0.061348676882026075
3 0.6640625 0.44971472338261637 0.05625 0.06479201186299814
3 0.6828125 0.3629787273369491 0.0359375 0.03896434091247105
3 0.690625 0.2968908123179211 0.0234375 0.02595500494291585
3 0.64453125 0.3059501359301865 0.0375 0.05309050790866543
3 0.603125 0.2917629605310351 0.0265625 0.026082338935304605
3 0.62421875 0.2582474649796594 0.0234375 0.02439250494291585
3 0.6578125 0.2557100553978388 0.021875 0.02276633794672147
3 0.8390625 0.5248141769563882 0.2953125 0.36515806228073994
3 0.7453125 0.3202129071847247 0.0296875 0.03558467292769345
3 0.63671875 0.24078805094921454 0.021875 0.01651633794672147
3 0.68671875 0.24360664482743505 0.0171875 0.019450336958138338
3 0.66484375 0.23959030688071356 0.0140625 0.013073002965749581
