3 0.46625900158187966 0.471650723560008 0.28030273292582975 0.19219763212077384
3 0.22127737222866606 0.4644796147559681 0.2721693283578454 0.15622377068445542
3 0.8300348965389256 0.4640639198944571 0.2450269742194024 0.17481014422102242
3 0.09792068012143923 0.2877994609687803 0.1719303109449909 0.12127607806243948
3 0.14612912878738676 0.20858868393961308 0.1628895036180446 0.09779312626704142
3 0.3024200723649516 0.2084608980316513 0.16880531094499088 0.12125789734428025
3 0.21214255314307479 0.12614836778103028 0.1299132293077851 0.0944772287263694
3 0.4298147320213186 0.16395639822804303 0.13427318068726599 0.08825449980360825
3 0.5351296737898611 0.1156729134515494 0.1338637449116174 0.08044199980360829
3 0.4123605591359686 0.06949787110067997 0.12523237336031984 0.06477154800821017
3 0.6252699949116174 0.07607408226585195 0.12678822930778502 0.09445904800821019
3 0.5532345426276252 0.05851894360397456 0.09801477611928178 0.05211701190385669
3 0.7031526554724954 0.05608376913233126 0.07169793758467105 0.05664997579950317
