3 0.6187029701325691 0.7025650815706044 0.16899308057737183 0.18877394805083547
3 0.42424613120249477 0.7460172524323367 0.1928670901960187 0.20168305113509036
3 0.24238600679305797 0.7030234086835725 0.17771331614940156 0.1701875892845374
3 0.21760924000283502 0.8431302114435159 0.19806053248413757 0.12681941882984232
3 0.40768856986241664 0.5848888376596844 0.12144346878180681 0.12392051542127547
3 0.27926346949959696 0.5740586574657565 0.1255307680561673 0.10681483603812651
3 0.5374653498994835 0.5449923149315129 0.11174108656782167 0.11438187418757337
3 0.668502040373504 0.42938272605071737 0.12327878729346117 0.13176028896022593
3 0.5569345685964724 0.34233096509366867 0.06144842068857237 0.06041139448011297
3 0.48269597122887753 0.29575024553247786 0.04037202885594056 0.038181838473758486
3 0.4815774153310949 0.26371899553247785 0.025873019237293703 0.025436376623205435
3 0.3961111744015876 0.4769399699649327 0.07772818511654282 0.0794341298696164
3 0.4958656377410987 0.47165422645775446 0.08866568511654283 0.0796250446422686
3 0.47757694001068424 0.41746160429877577 0.06613592068857255 0.060493215096963836
3 0.45913447485707454 0.38122409537032204 0.05319941106992569 0.04777502678536116
3 0.2952034388295579 0.49391718993316047 0.09179068511654283 0.07967959172016954
3 0.2935938096107976 0.4478234399331605 0.06435516587924912 0.05421594155801372
3 0.3066741629688422 0.4199439017837136 0.053472229581579975 0.05558752678536116
3 0.38600699890369167 0.4111786022701809 0.07093254809323427 0.06370003571381488
3 0.4426910193221117 0.35751385998081864 0.048293656260602266 0.0414432061685102
3 0.3802827885594054 0.38140928165332993 0.051309528855940555 0.03837275324641087
3 0.3125322933687288 0.3864728827089901 0.05643353847458741 0.05095457386326192
3 0.3842609604291043 0.36117860227018095 0.043551592558271415 0.039798885551659155
3 0.31799111968493143 0.36392572686479147 0.04371528366526398 0.04448638555165916
3 0.374231196001134 0.34226496103647885 0.03870040145127884 0.0350295649348082
3 0.43648565934064515 0.33632465259449246 0.04037202885594056 0.038181838473758486
3 0.3251215734057957 0.34453084455954314 0.03864583774894799 0.0334670649348082
3 0.12617564191744998 0.3488659683433748 0.06731647477225655 0.0495829886359143
3 0.07351443338726227 0.3612199180190633 0.06893353847458741 0.05117276217486459
3 0.9108358401960187 0.5056214922827718 0.17832831960796264 0.18929214529089186
3 0.5864831701404183 0.27179632264215065 0.09039187622353531 0.08433981818121908
3 0.5138269201404183 0.27052810308095976 0.04727679328391084 0.05704093262955982
3 0.035543207433879384 0.39178807954530476 0.04587798439090338 0.06170115909060954
3 0.44418654273575664 0.26618943059766964 0.022584328130301045 0.020694329545304768
3 0.46419894237293685 0.2579502366040241 0.022584328130301045 0.020694329545304768
3 0.371123554168502 0.32034905072805336 0.03384921034428627 0.030260244317957152
3 0.32848218638248716 0.32897402840691903 0.03384921034428627 0.030260244317957152
3 0.42441224527549454 0.3259638510523649 0.033958337748947895 0.033385244317957155
3 0.41998764010335143 0.3110519172049891 0.02738095553496276 0.023901150162155816
