3 0.573497616784825 0.5682962143813215 0.2704729390337981 0.23415142921692808
3 0.45810961216597146 0.7580437098587657 0.35836539561857333 0.3058427227490643
3 0.30961932172024764 0.480361365897088 0.20559208511458982 0.20266905585660827
3 0.44073762641824343 0.3218605483933764 0.17494983887551357 0.16830069990914298
3 0.6099218839400908 0.2652021918800842 0.2122679824490227 0.16401599163225705
3 0.9138508659934022 0.281910493552821 0.12490437476889085 0.16411781094499087
3 0.8727963054894186 0.18459175825214205 0.15257473370266403 0.1499667797373264
3 0.6537878927155795 0.1910553629564119 0.14408027210332364 0.12611984396167766
3 0.4430633413827959 0.1605102905914603 0.12487563103709683 0.10951219810012063
3 0.3611661351937321 0.2412446342144537 0.1381485208496825 0.13672979534115867
3 0.28541128041659397 0.37222463930283634 0.17513169530200418 0.174550699909143
3 0.16864967775102696 0.3271024898232347 0.18901233887551347 0.1690376843053107
3 0.25858670447320425 0.25459008197589006 0.08470527210332382 0.12300813206674714
