3 0.51070473072719 0.8551569578995928 0.17561899710021506 0.20406334361388012
3 0.6071374097668398 0.6048286860003678 0.08752515601864026 0.08801923658176473
3 0.42324673922605244 0.5608748342100396 0.07528526514684693 0.07013082973421944
3 0.5137048732493685 0.4907044316814311 0.04502908008391273 0.04020349784053181
3 0.5730323290582273 0.47591194401993214 0.04538427759440165 0.04489099784053163
3 0.5167697510489072 0.4379100987080092 0.03170028589277134 0.02846496144333699
3 0.4609341481444778 0.4469835124953846 0.03842388257342346 0.0351154796419344
3 0.5595017027085811 0.43203153609265277 0.030374584233097402 0.031489831893687814
3 0.4773278201351577 0.40432564312476815 0.026657588382282427 0.023477072794389108
3 0.5496997276036903 0.38555705429125003 0.023769386722608487 0.026401813695090492
3 0.5136554838274676 0.37609121915835975 0.023532588382282428 0.023276813695090492
3 0.4923482462750224 0.35390533852897627 0.016690592531467274 0.01506379549649317
3 0.5168154500092887 0.34527201573458716 0.015009693361304245 0.013401165946843818
3 0.5437214921258375 0.35846362816537336 0.018726689212119396 0.021413925046142524
