3 0.7180151146576159 0.8149387690184096 0.21143951659574647 0.19981360174504026
3 0.637071481233692 0.6902772586268494 0.15281863342392404 0.13973947921687965
3 0.5647705103146856 0.6443034769479657 0.12796074505632155 0.11778806956195353
3 0.5438845739245546 0.5813882137064139 0.10746257475773362 0.09147694183801285
3 0.5305051349365333 0.5360046578902151 0.09532320767745457 0.07352461733238051
3 0.2509761720632986 0.5241484221401732 0.10001070767745457 0.07385239926336595
3 0.4161755651224782 0.34930196940639713 0.0248578883676025 0.021951409654926035
3 0.38766815286966205 0.34579991099230833 0.02652964901126431 0.023623170298587758
3 0.39020864482389034 0.325995509383154 0.02707595222957302 0.03143567029858776
3 0.7346574033738651 0.4691292422832044 0.1602376495154676 0.17912976114786475
