3 0.3024220199331961 0.9007144560879707 0.13867010367592564 0.16499085149293896
3 0.6254193139954645 0.8564881167513029 0.1429475005656478 0.16063113342392404
3 0.6567943275206031 0.6865416035097512 0.08331963939685175 0.06483803218308673
3 0.18950164637055716 0.8527307881351716 0.1400179901980553 0.14489687278026225
3 0.24618016479666807 0.7529382377668543 0.09943265494824063 0.08925887797604233
3 0.3369896754470846 0.6673228018809263 0.0426167269557407 0.04335651609154336
3 0.3997528070682419 0.6237638260182414 0.03228481969842587 0.03176345222957302
3 0.4879752684725937 0.6126402917414677 0.03384731969842587 0.031872712873234656
3 0.5032687863330567 0.6624435497872394 0.05390554147037037 0.0658870799535137
3 0.5788347143255567 0.6252820393956793 0.04363242280870363 0.037215776735205
3 0.6274772658806956 0.626325369349193 0.05001912384546294 0.03921531930985207
3 0.7950174974545847 0.741796822082969 0.09911958812453676 0.13893109604505724
3 0.4628215691792608 0.8372578794886516 0.049100464279073816 0.099715776735205
3 0.45806359307199196 0.6490641107992182 0.01992152073518518 0.03245186708027905
3 0.7150859896788903 0.7479979095780515 0.04609304147037019 0.06534077673520518
3 0.269714701083242 0.6995618654907952 0.04607391762490733 0.029621798022528623
