3 0.90625 0.6109375 0.10625 0.084375
3 0.9109375 0.4546875 0.06875 0.0515625
3 0.74375 0.4390625 0.0625 0.05
3 0.65 0.4734375 0.0578125 0.05
3 0.6390625 0.4015625 0.0421875 0.0359375
3 0.734375 0.3421875 0.034375 0.0234375
3 0.6296875 0.35 0.03125 0.025
3 0.5859375 0.346875 0.03125 0.03125
3 0.5609375 0.315625 0.0203125 0.0203125
3 0.615625 0.3046875 0.0234375 0.015625
3 0.571875 0.2953125 0.01875 0.0140625
3 0.6078125 0.2921875 0.015625 0.0140625
3 0.1671875 0.7203125 0.1359375 0.13125
3 0.40625 0.6 0.09375 0.096875
3 0.053125 0.5375 0.0890625 0.0671875
3 0.2265625 0.490625 0.0765625 0.0640625
3 0.4796875 0.434375 0.05 0.04375
3 0.234375 0.4140625 0.0484375 0.0375
3 0.2953125 0.3734375 0.0375 0.028125
3 0.340625 0.3859375 0.0390625 0.0359375
3 0.4234375 0.36875 0.0390625 0.0375
3 0.4828125 0.3578125 0.0328125 0.028125
3 0.3515625 0.3546875 0.0328125 0.025
3 0.3484375 0.321875 0.0203125 0.0203125
3 0.4265625 0.328125 0.025 0.021875
3 0.478125 0.3015625 0.0203125 0.01875
3 0.4734375 0.2796875 0.0140625 0.009375
3 0.396875 0.3140625 0.0203125 0.0171875
3 0.4390625 0.3046875 0.0203125 0.01875
3 0.3671875 0.303125 0.021875 0.021875
3 0.440625 0.2921875 0.0171875 0.0140625
3 0.41875 0.2828125 0.015625 0.0140625
3 0.3171875 0.33125 0.040625 0.0546875
