3 0.5378741272779172 0.5653445106366671 0.33728702013597245 0.267084929330278
3 0.14410333064079894 0.42109636284152785 0.2745324469977085 0.2546927256830557
3 0.3754072288171878 0.39524695013184064 0.2186798776591667 0.13626872758291686
3 0.5482082959715281 0.3719400027528824 0.15385365824437508 0.10196515634451409
3 0.7761352338511809 0.46938261967847283 0.17173214247680554 0.13205269984750015
3 0.8612908306407989 0.4377890871934035 0.1098854526972918 0.09157186379145835
3 0.6786945765567364 0.3421823804120492 0.17783667211208343 0.12594817021222243
3 0.8090542237831947 0.3405315742756257 0.0922615416031249 0.07242182028847229
3 0.9162686181598614 0.41798638668031324 0.08608427678548622 0.07540134992375017
3 0.9546946853142018 0.39155182645982717 0.07383884992375016 0.08604790919430556
3 0.859199694147917 0.3479453371934035 0.04949216014423641 0.0464398953265972
3 0.884926392761146 0.3462016524478827 0.04614895459715314 0.03699216014423614
