3 0.6613937907520221 0.4816848587055313 0.04516865626060227 0.04368429802252862
3 0.5748387318590147 0.47093339298230497 0.028943455534962935 0.025404191585911208
3 0.46568198666833804 0.4570351479259835 0.034176592558271324 0.04135697351689647
3 0.5050892270496912 0.47232129433935777 0.03546627404661713 0.0336537341605581
3 0.4215673989193901 0.4868429802252859 0.0739682680561673 0.10960422896477802
3 0.3685515263240518 0.4800031183407868 0.05643353847458741 0.05382412252816078
3 0.47017602450995327 0.5301830708224614 0.05643353847458741 0.0538241225281606
3 0.6095287011889756 0.5540243984301866 0.046949411069925694 0.05004355866619026
3 0.18970229610949968 0.6452735672161651 0.14806053248413767 0.13348947921687965
3 0.775463692118483 0.7809960798766392 0.1366319591631598 0.11866215471124733
3 0.36010158694633976 0.7668311289844485 0.12656747840045365 0.14289733020561535
