3 0.2626105376507842 0.7818898930945212 0.17588082654882306 0.11418243217453856
3 0.24054410786802927 0.7194819383797915 0.15154256784239584 0.09590331306795044
3 0.5786482954527002 0.760121785155585 0.159102762324472 0.12119441149637407
3 0.5265225514455942 0.7069454352794196 0.131475729307785 0.0996447431755744
3 0.4547360826532586 0.6820952925991831 0.1262150192218769 0.08848891935425698
3 0.6474248716628391 0.6378786040145039 0.10401247060135788 0.08122007485477489
3 0.5794627657153739 0.6112840248165028 0.09538109905006031 0.06523120181924558
3 0.6443131597679086 0.578503604014504 0.07145227611928177 0.054764582712657627
3 0.7239154505865115 0.5881097363556581 0.08452548620519007 0.06628427956950453
3 0.766931788216611 0.5571294100531412 0.06372166327441171 0.05596320967712849
3 0.7265624157608024 0.5190686379272347 0.05533595318850324 0.04466183664159899
3 0.6865172698992454 0.5021380031048811 0.05221095318850324 0.044516287427387446
3 0.7571606405460317 0.4902330084815646 0.04571529172311415 0.039537688998963996
3 0.7914437873120999 0.5317098790358945 0.058788501809022266 0.0510573858558109
3 0.8152154799851538 0.5071079853222008 0.0490040660333733 0.04280823821317572
3 0.8361487777011615 0.4881203908227188 0.0392196302577247 0.03455909057054054
3 0.7803624451594446 0.439813477464318 0.03272396879233561 0.02958049214211709
3 0.8537590015818797 0.4356118209303427 0.03584896879233561 0.029726041356328815
3 0.8181556942549335 0.41377536228667144 0.03404080732694652 0.02496576674922295
3 0.7131815892119793 0.4131825109627639 0.02606453301668683 0.021476893713693813
3 0.8816283740376883 0.474254789913096 0.036258404567984216 0.037538541356328815
