3 0.40724707237808466 0.9053153735081141 0.1651285020669146 0.18936925298377183
3 0.37665000558608047 0.6423658654038448 0.08190927956950453 0.0858002630835923
3 0.5642955548002921 0.6501614968044667 0.07173375889134022 0.0680667315135615
3 0.4941885701017731 0.5575574968750538 0.042298815963434676 0.038303636803468065
3 0.44077462572612564 0.5270285627165391 0.04415241439185813 0.04464464206513981
3 0.5044390194398194 0.5056687731834131 0.030924668320799497 0.02829159997176518
3 0.5558366995474432 0.5290299494494202 0.03583049214211709 0.033252115756780755
3 0.46450537820732496 0.48845888637994506 0.029507717535011226 0.03132559471009326
3 0.5508795258499601 0.48408917577189675 0.024456344499482086 0.02324007892507769
3 0.4860379299027361 0.44662770215084324 0.02296661910658777 0.024711573663405772
3 0.522829454509842 0.44720382580013157 0.021258569892376046 0.021495568401734035
3 0.5494112251880063 0.43151791261771716 0.01627997146395277 0.01497255261671846
3 0.5274099466519591 0.41613583632347523 0.014644696856846906 0.01331904735504672
3 0.4981398236164297 0.42226473898254613 0.016571069892376045 0.02122255261671846
