3 0.9571837361970166 0.26369407122831207 0.0806663626613009 0.14430701089576328
3 0.8617173858930055 0.18967169920435442 0.0665110207602467 0.1028079257464694
3 0.778196573155155 0.29344654524941155 0.08742569863085592 0.15724405347041018
3 0.6233817391627661 0.3011383489719234 0.08085736364988402 0.14899451089576327
3 0.6903530163488034 0.4257288035472849 0.09919086958138301 0.17832137797604233
3 0.49932876832596984 0.44848823239584734 0.10713070357377177 0.18199268119435102
3 0.4999057243711995 0.6356986552923252 0.12673754942915885 0.24256954827463026
3 0.6431039205305976 0.7659274686500924 0.14112901878308026 0.09867743664223258
3 0.34284271049385406 0.1844307222563887 0.06402269072219058 0.11821440445914595
3 0.12125155338349143 0.2453674943000168 0.07916752965749523 0.14576025025210154
3 0.07422004448624284 0.2063485529662071 0.0771593606841345 0.13471348960843982
3 0.09611494912514755 0.14762376298945024 0.06204901384016446 0.06977690445914594
3 0.22368153361182794 0.14418777053101883 0.04741351087441492 0.0547310586661903
3 0.307162537071869 0.15480320641694686 0.04798651384016441 0.0687935586661903
3 0.3654379520908971 0.1428934322796318 0.04371550790866543 0.04045003737886681
