3 0.5296875 0.709375 0.24375 0.190625
3 0.384375 0.5453125 0.171875 0.159375
3 0.128125 0.49375 0.209375 0.16875
3 0.6078125 0.396875 0.1171875 0.1
3 0.5828125 0.3109375 0.0984375 0.078125
3 0.88125 0.415625 0.128125 0.109375
3 0.9609375 0.3203125 0.0765625 0.0828125
3 0.8640625 0.2703125 0.0953125 0.0703125
3 0.696875 0.2625 0.0875 0.06875
3 0.8375 0.2234375 0.0859375 0.053125
3 0.321875 0.2984375 0.096875 0.0640625
3 0.115625 0.2984375 0.109375 0.071875
3 0.065625 0.375 0.1296875 0.0921875
3 0.23125 0.2359375 0.1125 0.0625
3 0.5265625 0.24375 0.0734375 0.0515625
3 0.4046875 0.215625 0.0796875 0.0359375
3 0.609375 0.2203125 0.0796875 0.046875
3 0.4890625 0.21875 0.0734375 0.0421875
