3 0.21148161934919302 0.6685694475244558 0.18920388367602553 0.21331758930724706
3 0.3364055736724529 0.5255867450206768 0.08366444183801285 0.10602175782192055
3 0.35098188988021184 0.44237242661894277 0.023841691585911207 0.02939907366340595
3 0.55790387923655 0.42875172944742274 0.03732503737886681 0.04418961575678075
3 0.5982393021330279 0.43346234527479066 0.038669016091543364 0.04115562101845249
3 0.4657485022689139 0.6365025872411085 0.07591764381548423 0.06199874203690499
3 0.4063081642696284 0.5717190213996233 0.056512079953513705 0.05153167889684287
3 0.4558275630287912 0.5170623425027804 0.04124771287323466 0.03352513154179633
3 0.37687775436260085 0.47616359769386507 0.021623627723940865 0.019933068401734033
3 0.3647930176041526 0.46039438452556797 0.016608345792955604 0.01497255261671846
3 0.3895198659949983 0.4550320503388184 0.015045845792955603 0.01488154735504672
3 0.3731300414893662 0.44500460295553684 0.01493658514929388 0.01331904735504672
3 0.8250253132808927 0.5692956165332396 0.07290190445914604 0.06337923151356133
3 0.7229440072125926 0.5117021953877301 0.05138753737886681 0.045008663111827295
3 0.6732446559717552 0.4628243506070497 0.029982430942249394 0.02820059471009344
3 0.6330020682245713 0.47065923741051774 0.03321669158591121 0.02994510523343692
3 0.5720645682245713 0.47420844261571987 0.02987317029858776 0.026638094710093263
3 0.6141592330752774 0.45920579791974403 0.038450494804219915 0.03803062101845249
3 0.5589254298569687 0.4545784820782587 0.023186127723940686 0.02002407366340595
3 0.5063960095583809 0.43253615308259385 0.014936585149293791 0.01331904735504672
3 0.4831224005238736 0.4362449820076716 0.01649908514929379 0.01341005261671846
3 0.46985757601824146 0.4260355241010464 0.01003056386197052 0.009921031570031148
3 0.4560135973055649 0.4299795714560929 0.01159306386197052 0.010012036831702886
3 0.4310682276273957 0.43221690564284254 0.013264824505632156 0.011665542093374625
3 0.4452564137654253 0.42197735565695993 0.01181158514929379 0.013137036831702887
