3 0.2807813294810635 0.6027419720831253 0.060868067330527964 0.09019266046291677
3 0.5086979983555375 0.6297369274170276 0.2435069856568477 0.31709341645877276
3 0.7710268727649743 0.6817340368037057 0.1323809687818068 0.12784251778268044
3 0.3729117765785058 0.5383948358130296 0.09891370435383653 0.1075642510334573
3 0.6810417351086936 0.5394865707164365 0.08748513103285874 0.09299232878371626
3 0.46140630298737567 0.41459992493582815 0.055198420688572544 0.061849336641599174
3 0.4848685956383143 0.3493944559530748 0.06355655771188111 0.07783820967712848
3 0.6588690908289909 0.3512588246453779 0.02576389183263199 0.023039393713693724
3 0.6186260367453068 0.36030418486062554 0.013318455534962937 0.024019696856846906
3 0.4736111479078998 0.29505155831043967 0.020967264427970277 0.019696069892376135
