3 0.2058999059769076 0.8266691713215447 0.10442673871722893 0.10198414065150559
3 0.33648466475239625 0.7547445860196674 0.05623327962517113 0.055034729581579886
3 0.46657533003351787 0.7194841870154594 0.04001724623907634 0.034176592558271324
3 0.519109296647423 0.7010268528947085 0.028852425705962935 0.025982146641955417
3 0.48443877995437556 0.6896702014434297 0.027289925705962937 0.025927582939624473
3 0.4513307632613282 0.6783681136944816 0.030460389812585476 0.027599210344286362
3 0.46730510424841276 0.6640972825689556 0.019295569279472246 0.01940476442797028
3 0.4925778888881488 0.6743453018062493 0.01925010517284953 0.017842264427970277
3 0.5115552094212621 0.6828125662342196 0.022420569279472245 0.01951389183263199
3 0.5101147298752332 0.6601290343830541 0.016034176959604095 0.014608137023308565
3 0.4380351413954312 0.6505878540758347 0.017642141066226812 0.01622520072563951
3 0.47080217728880847 0.6501711918247828 0.014426212852981379 0.01299107332097762
3 0.6314311033904828 0.8329440302067029 0.1859328029821361 0.16726688947037935
3 0.42562973277822713 0.7875149352013608 0.14847826708875883 0.1675198606144388
3 0.31401863136630137 0.7336681941870354 0.026227530878812376 0.043060519237293704
3 0.3569586376345075 0.6805357597034648 0.019568353919208283 0.028779764427970277
3 0.41779684923384774 0.7060739622432027 0.07929034639736088 0.09642362141421187
