3 0.803125 0.4828125 0.1203125 0.065625
3 0.3078125 0.6296875 0.1640625 0.196875
3 0.296875 0.3890625 0.0484375 0.04375
3 0.3796875 0.371875 0.04375 0.0375
3 0.309375 0.3625 0.0359375 0.0328125
3 0.3328125 0.346875 0.0234375 0.021875
3 0.51875 0.3671875 0.0359375 0.0265625
3 0.5875 0.3671875 0.0390625 0.0296875
3 0.528125 0.340625 0.025 0.021875
3 0.4453125 0.3375 0.0203125 0.0171875
3 0.4984375 0.328125 0.0203125 0.0171875
3 0.3921875 0.3203125 0.015625 0.0109375
3 0.36875 0.315625 0.0140625 0.009375
