3 0.1451027560882316 0.7388378499545715 0.14330320303441751 0.11641729534115867
3 0.22038992744984015 0.6891078448661888 0.10350737939699588 0.08632700361804453
3 0.2815348504784386 0.6471936618040736 0.08593724212409218 0.0807387449116174
3 0.36598934093554086 0.7192977131381261 0.08893469636645772 0.0793400192218769
3 0.3698479224488703 0.6712696489137747 0.07241687606301603 0.06758364767057934
3 0.06732870032865741 0.6818641536634731 0.03848789940087516 0.18560330732694616
3 0.9548376550904079 0.8977025898893478 0.0903246898191842 0.14890889077317446
3 0.8974463771502776 0.8163839908392875 0.17566916394474247 0.15078565128862387
3 0.502039055928752 0.5467310736081471 0.07448955909355419 0.07391553482570909
3 0.5464586066873565 0.5762857767966503 0.03705346091032524 0.034614017412854636
3 0.46956139577703115 0.5395836369279872 0.017538186364518003 0.024256371551297562
3 0.4593573483524067 0.5289360639972086 0.028603232122152634 0.026392081637205855
3 0.46608570941251315 0.5160642497728574 0.026785640606883553 0.0231851944820761
3 0.4508752975938023 0.5012647653766896 0.026530549091614473 0.020060194482076098
3 0.4308178891090714 0.5033252323600028 0.026913186364518005 0.0247476944820761
3 0.3843733238065995 0.5156714241285455 0.033545823637421625 0.029762743102595125
3 0.3699441619878887 0.5009128833099424 0.026785640606883553 0.0231851944820761
3 0.3856170883504671 0.47372958559393463 0.021587957576345396 0.016689533016686832
