3 0.4375 0.7171875 0.084375 0.10625
3 0.446875 0.521875 0.0484375 0.053125
3 0.4515625 0.428125 0.0328125 0.034375
3 0.4515625 0.384375 0.0234375 0.025
3 0.4078125 0.4015625 0.0265625 0.028125
3 0.221875 0.5984375 0.0234375 0.0546875
3 0.24375 0.5375 0.0171875 0.046875
3 0.2984375 0.49375 0.015625 0.040625
3 0.2609375 0.49375 0.015625 0.0375
3 0.2984375 0.453125 0.0109375 0.0296875
3 0.33125 0.459375 0.0140625 0.0328125
3 0.328125 0.4453125 0.0125 0.0265625
3 0.3640625 0.4015625 0.009375 0.0203125
3 0.359375 0.3796875 0.00625 0.01875
3 0.3765625 0.378125 0.0078125 0.0171875
3 0.390625 0.359375 0.00625 0.015625
3 0.7953125 0.5328125 0.01875 0.0421875
3 0.73125 0.5046875 0.0171875 0.0375
3 0.7234375 0.471875 0.015625 0.03125
3 0.7015625 0.475 0.015625 0.03125
3 0.6765625 0.4375 0.0140625 0.0265625
3 0.6375 0.41875 0.009375 0.0234375
3 0.60625 0.39375 0.009375 0.01875
