3 0.2648736204027216 0.8034955279678652 0.17569445916315996 0.11137494668999892
3 0.2408433541606528 0.7420313166375013 0.15160219473518968 0.09235222668681722
3 0.5796801648677588 0.7763853985916853 0.15872521397248338 0.11742495202099903
3 0.5254812489885097 0.7238694732654577 0.13150794954451292 0.09836586935072641
3 0.4535417616023814 0.7004779739417754 0.12643850362819703 0.08737382535009015
3 0.6441469142347865 0.6529291699156857 0.10429068511654283 0.07930678668045381
3 0.5752778631463275 0.6279388079249125 0.09437004809323427 0.06357269867918128
3 0.6389484935462141 0.5935905325827766 0.07055060217691818 0.052362478675999566
3 0.7189633757601992 0.602038284571959 0.08348711179556503 0.0650079293443632
3 0.7608408517135821 0.5702882978994592 0.06279266587924912 0.05383407200827239
3 0.7189063228576416 0.5332610125716407 0.05616071996293322 0.04282384667409041
3 0.6784623721320021 0.5165371365770496 0.053035719962933034 0.04278748400699968
3 0.7483656443645208 0.5040002265675045 0.04667659255827132 0.03958975867281787
3 0.784159300625123 0.5442252372295048 0.05794147477225646 0.04909202800763594
3 0.8075323132389947 0.5197246765595505 0.049856156260602094 0.04118862133990877
3 0.8279440169598591 0.49994797855668693 0.04026290145127902 0.03482953333863605
3 0.769248574038768 0.45295534723109565 0.03384921034428636 0.030069308004454242
3 0.8425223829317753 0.44741332455445965 0.036974210344286364 0.030105670671545327
3 0.8066022410991434 0.4259474045592322 0.035248019237293704 0.025399989337999786
3 0.7019420229503088 0.427946803906777 0.02576389183263199 0.022165901336727068
3 0.8719841936388812 0.48536731055064164 0.037247028855940556 0.03791817067154533
