3 0.7759549061498641 0.46651922702834836 0.19766065128862387 0.1750741366622938
3 0.5858964721832376 0.5183378742139858 0.16237824852966193 0.18548101564384112
3 0.4061857179993661 0.6330282477220999 0.18276599163225704 0.21782307878390342
3 0.27861183740295703 0.3818591318241449 0.09364818068726617 0.09268729991529537
3 0.24294325305221776 0.28441498442674595 0.07227114767057934 0.07119173151356133
3 0.06330001865604998 0.2807725868881727 0.057881099050060315 0.06412268415851478
3 0.39914234339585075 0.31920096615206883 0.09364818068726617 0.09268729991529537
3 0.592029206240721 0.3063993163355955 0.10960072930778501 0.09984735253201382
3 0.5288464535271876 0.23720126627912572 0.08000176051544958 0.07008425782192056
3 0.44402771822650866 0.20374329514773373 0.05887038896415202 0.053276189420186616
3 0.40402351594251656 0.18804967668952996 0.04924972749876275 0.04804265785015547
3 0.7300404613291037 0.21843033752345722 0.09225609905006031 0.06612479991529537
3 0.3161959673219975 0.18689597134315353 0.03749335594746528 0.03178062101845254
3 0.3506561765033946 0.1715671029555369 0.03749335594746528 0.03178062101845254
3 0.2489675237444326 0.19002794759504302 0.03593085594746528 0.03168961575678071
3 0.20233818520982189 0.19744560544519849 0.03913774310259503 0.03343412628012436
3 0.2889374265033946 0.17516181079157495 0.03897396879233552 0.03030912628012441
3 0.5282898535726162 0.1518175031249461 0.03757524310259512 0.033343121018452535
3 0.7223198145630355 0.17578010593930868 0.07285100180902226 0.0525327367752332
3 0.6126239099950512 0.14612196899466628 0.04719590456798421 0.03857665258848364
3 0.6651723778828756 0.14697954272865932 0.06314845318850323 0.0457367052052021
