3 0.4233355964480685 0.6458672479681098 0.12545145861557022 0.1895182418823252
3 0.701927585932619 0.5851651217486462 0.12019074852966191 0.17849892126547412
3 0.21923791666531356 0.5790813482129911 0.10152263568479176 0.17973413879807013
3 0.2767328341235966 0.5293501294625792 0.09108310266810493 0.15925799756436804
3 0.3769065745126582 0.48973029626382647 0.09568871551297509 0.15777731818121907
3 0.43787837403768837 0.5212354407439393 0.09503361827193721 0.14527731818121908
3 0.5674939529613606 0.47744630478524314 0.10045810266810484 0.15942163879807011
3 0.5578998677061102 0.35395425770734246 0.07751856965141819 0.13872730925276536
3 0.6958812245580868 0.41021966882654687 0.08401423111680728 0.1435239034085667
3 0.838253510288307 0.5055884902541768 0.1100787641334943 0.1642727800317722
3 0.8571971828349728 0.3755697536468574 0.09117163387576924 0.13116027110331832
3 0.9049585741739741 0.27415330397116894 0.07637214947960161 0.11685230925276535
