3 0.728125 0.7984375 0.2890625 0.2078125
3 0.5421875 0.6015625 0.1734375 0.16875
3 0.2515625 0.621875 0.196875 0.1953125
3 0.4890625 0.3734375 0.109375 0.0984375
3 0.1 0.3671875 0.1421875 0.1640625
3 0.66875 0.346875 0.1578125 0.1796875
3 0.45625 0.2921875 0.0859375 0.0734375
3 0.5578125 0.225 0.075 0.0546875
3 0.3171875 0.253125 0.065625 0.0609375
3 0.3296875 0.215625 0.065625 0.053125
3 0.4203125 0.165625 0.0546875 0.040625
3 0.328125 0.171875 0.053125 0.0375
3 0.40625 0.128125 0.0375 0.028125
