3 0.5698123860975964 0.7828125 0.17417949459715382 0.146875
3 0.5122295863234754 0.5453125 0.10527830517696728 0.090625
3 0.637782594145396 0.621875 0.11014781570031111 0.09375
3 0.7935012441030436 0.66640625 0.09893729991529554 0.0890625
3 0.7038101415710297 0.56171875 0.07891322625188942 0.0671875
3 0.657466491613382 0.5171875 0.07662268415851478 0.0546875
3 0.6157571337491092 0.48515625 0.07791216837349921 0.05
3 0.11411903903901585 0.45703125 0.13211382096198282 0.0953125
3 0.18511480752545448 0.38828125 0.084253173635171 0.0515625
3 0.7730536942583354 0.503125 0.05907116311182729 0.0484375
3 0.7289018758566014 0.4828125 0.06357665258848363 0.0453125
3 0.8218706258566014 0.4828125 0.06982665258848364 0.0453125
3 0.912669931104156 0.49921875 0.058525131541796324 0.0390625
3 0.9281731047393269 0.55078125 0.055582142065139804 0.0421875
