3 0.7306411821629634 0.5917623557015749 0.12070588410204497 0.11738137978345567
3 0.6335526215125628 0.4643397008452945 0.08294827886860805 0.08508570533113406
3 0.3262336741998684 0.531776219583406 0.08983531570031093 0.09620506175762475
3 0.41094114511949886 0.3897047283588947 0.05134966837349921 0.05140938730530316
3 0.6050467318664972 0.28422630351086153 0.022967063140062118 0.0193864974927175
3 0.41647705552990305 0.2678751924655173 0.01800654735504672 0.014562605172849529
3 0.429614092361606 0.25657397961253586 0.016353042093374803 0.012954641066226813
3 0.42983462926389615 0.3197415693459792 0.05391322625188959 0.06864235141192579
3 0.4640907189946663 0.5885992179340533 0.21270991553090185 0.2776034774344577
3 0.2367091716396196 0.6092540133943422 0.053988820961982854 0.09672188730530315
