3 0.1305922522689139 0.6560232158697202 0.16825796312533625 0.11406104195220053
3 0.6467253506597596 0.622039726887174 0.08725933540139544 0.09066977360693614
3 0.705100943350622 0.5033282532661205 0.048153276735204996 0.04326415258848364
3 0.20765786079921825 0.5017081712160966 0.09786905347041017 0.08661931043863902
3 0.4353347465689307 0.5268846635353504 0.05996486188449897 0.05640118942018653
3 0.36659581822457127 0.486175634525568 0.05305929802252862 0.046662168373499215
3 0.3476219430985205 0.4504124397731224 0.07769866510280768 0.0652147472985769
3 0.42316824631682926 0.45385668721287364 0.03477919158591121 0.030036110495108837
3 0.4750585282478144 0.4555410135777026 0.040012994804219916 0.03812162628012441
3 0.44618512923655007 0.43525860565695995 0.028092149011264313 0.023422089448421345
3 0.501271466983734 0.42655916886760936 0.021623627723940865 0.019933068401734033
3 0.6425027543626008 0.4606927032096507 0.029873170298587937 0.02663809471009344
3 0.63728537663866 0.44217021636383025 0.024748627723940864 0.020115078925077867
3 0.5800902356731674 0.44314815841485283 0.0248578883676025 0.02167757892507769
3 0.6173881398802118 0.42685602950389256 0.018170845792955602 0.015063557878390199
3 0.5737638260182414 0.41998367419986843 0.016608345792955604 0.01497255261671846
3 0.47975709990345494 0.4105547372693434 0.016608345792955604 0.01497255261671846
3 0.45582792700697716 0.40488856619442115 0.019842606436617415 0.016717063140062292
