3 0.6868490892345955 0.7516245975372309 0.16577154535327168 0.15260418874473985
3 0.3988309212285503 0.7861161263083535 0.15921246268299924 0.12582343393541642
3 0.18235249323682262 0.7175942716843644 0.1609204133513628 0.13837799763774736
3 0.44835984858373107 0.6268428192294445 0.12947041868236298 0.12009922359113005
3 0.6664740492520946 0.6219544557045988 0.1310692813494537 0.123278787293461
3 0.2802189232575035 0.568606189377712 0.12478291868236298 0.11993553248413757
3 0.09107624928391136 0.3673908858421822 0.07721702800763601 0.058923621414211966
3 0.6207626545990031 0.5203175446346732 0.09780224801081765 0.0830704495445131
3 0.44000300326227604 0.5390154370154594 0.09932838534372693 0.08000001324684405
3 0.4479251386060028 0.4626984736759482 0.08517497867599957 0.07169643992586625
3 0.3327455812778662 0.4203795097034648 0.07100339067472686 0.061830366604888456
3 0.5853347792807296 0.408097797629898 0.06626134667409059 0.056979175497895794
3 0.598860929941139 0.4546826209508758 0.07107611600890884 0.06808036660488845
3 0.3550296612826387 0.3859871515360968 0.06313634667409058 0.05687004809323426
3 0.4722807959500478 0.384610679210911 0.07607269867918127 0.09480655771188103
3 0.23600803596436526 0.270848246456621 0.042769302673454225 0.05147321996293304
3 0.5703006726209566 0.35677091060658955 0.05374316534054504 0.05498016587924912
3 0.9228080546228657 0.3550125254821975 0.05047271467218124 0.04237103847458741
3 0.38638020595959277 0.3112698937315485 0.05210794000636332 0.04867560217691826
3 0.8405591759627743 0.30368314925866213 0.0441318080044546 0.03434028366526398
3 0.9023597419637289 0.29880716550073094 0.05218066534054522 0.05492560217691818
3 0.5279859032861385 0.3662351906436564 0.025654528007635947 0.0571230192372937
3 0.6833375693030014 0.24739096532324573 0.031577264003817974 0.02921627404661713
3 0.8029688166375013 0.24297133855155617 0.03159544533736351 0.03077877404661713
3 0.9352540579646835 0.29292175324967895 0.0316136266709087 0.03234127404661713
