3 0.09491478983858079 0.6576215681774099 0.18982957967716158 0.30012677212991135
3 0.24316213164371395 0.5862414204435247 0.07152405575957417 0.05860946757828493
3 0.3754801661914608 0.51490894119631 0.04668355242559432 0.03950878121376711
3 0.7125815534643645 0.48273533042606764 0.06645391848667064 0.053539330305381404
3 0.5423963413460913 0.4190230010387701 0.024968049091614476 0.020663186364518006
3 0.3433052660416796 0.47174874362190433 0.03459814060688356 0.02455346091032524
3 0.3249219278603904 0.45928056559233604 0.027965503333979846 0.019355777879787085
3 0.40570954225447675 0.4488057090741574 0.026530549091614473 0.020790732122152634
3 0.37626115831555307 0.43879285134803087 0.024840503333979847 0.019100686364518005
3 0.42005895574017754 0.42512909301308116 0.01833541181871077 0.015465503333979846
3 0.3906265472554466 0.42442746240813733 0.018335411818710855 0.015465503333979846
3 0.5738057090741574 0.3955058816437139 0.05433655575957417 0.05720646424430509
3 0.5164396192258783 0.3947563246761917 0.013520366061076317 0.013520366061076317
