3 0.8390625 0.59375 0.10625 0.1171875
3 0.08125 0.6765625 0.15625 0.159375
3 0.3046875 0.5875 0.0890625 0.1140625
3 0.4875 0.5671875 0.075 0.109375
3 0.4875 0.4765625 0.071875 0.0890625
3 0.190625 0.509375 0.0890625 0.1015625
3 0.2546875 0.4125 0.05 0.0515625
3 0.3375 0.4171875 0.046875 0.0640625
3 0.4375 0.35625 0.040625 0.0359375
3 0.4109375 0.321875 0.03125 0.028125
3 0.2875 0.3625 0.0375 0.04375
3 0.240625 0.3078125 0.028125 0.0328125
3 0.3484375 0.3609375 0.0390625 0.0484375
3 0.346875 0.325 0.028125 0.028125
3 0.2921875 0.3 0.025 0.03125
3 0.3421875 0.30625 0.028125 0.025
3 0.3921875 0.296875 0.0265625 0.0265625
3 0.3765625 0.2796875 0.0234375 0.021875
3 0.3359375 0.2890625 0.021875 0.021875
3 0.3515625 0.2546875 0.0171875 0.015625
3 0.3515625 0.2328125 0.015625 0.015625
3 0.315625 0.2296875 0.0234375 0.021875
3 0.471875 0.4 0.06875 0.0875
