3 0.7463625906578801 0.6396059807694728 0.2630696159934022 0.23586581888905728
3 0.53179632231548 0.7899458274732643 0.29022314937949717 0.2563328549934109
3 0.3153960839939626 0.7347714723816576 0.27359793903379803 0.22186695140261464
3 0.23769228431053166 0.6124237737095175 0.20964308762187223 0.17150333703942983
3 0.17380093204067606 0.49875163826909397 0.17669419530200417 0.1666249394987581
3 0.2782587629986307 0.4266908067888089 0.16525659012915472 0.14937380698520072
3 0.13157163110360398 0.3656709726762452 0.12299488229073816 0.09288745764913049
3 0.3091055977175091 0.3870197736113216 0.1366314849563052 0.13202268052176747
3 0.4165293043022844 0.3204458728491958 0.151148626022532 0.14772949375348415
3 0.3128731068887091 0.31124761397040124 0.10204588479802065 0.07089428298109554
3 0.6301969992085772 0.30840545686356363 0.12661998746358769 0.1100931383672898
3 0.6182342083006349 0.2630156888113869 0.12469377461060631 0.09758404800821019
3 0.7333878468595793 0.22617928502419898 0.1453078029821361 0.1617556323171656
