3 0.4788750876053717 0.6780232408446893 0.35942953741786976 0.3692708774894797
3 0.3734534386893992 0.5298263322218343 0.07136644354388881 0.06791667549789579
3 0.3216072661635195 0.49035709365457975 0.07238213939685174 0.061721239200226916
3 0.24267091333606566 0.4222370654316114 0.055663531102777684 0.04867560217691817
3 0.2852391221485193 0.40750987731984367 0.05369092799249993 0.043933538474587405
3 0.21117619703074147 0.3727107805852211 0.04335902073518509 0.032668656260602266
3 0.16201623562638964 0.3915624735063122 0.06865154665416653 0.07249504809323426
3 0.13067805273291738 0.36695434310642555 0.047851031102777684 0.04840278366526398
3 0.13463282087620437 0.3395560294040947 0.07884675287472209 0.0821974303072194
3 0.5628371503765749 0.43052819275145504 0.09814355702175917 0.08910219473518968
3 0.828454005513103 0.5637846037365628 0.09066324769092589 0.07482143992586625
3 0.6883170210644918 0.5453124006486706 0.07210873732333312 0.05859623920022674
