3 0.4469814034606845 0.812795235880742 0.1176857526208936 0.1328699874635877
3 0.33425086598375575 0.8074976336108864 0.1217119185677376 0.14702341567683314
3 0.4524222702104074 0.9225877730277606 0.11714553207825791 0.1001029515702104
3 0.5657802706718327 0.747734874043975 0.1312871776670363 0.15042120031656908
3 0.2604407310354356 0.7059327851019546 0.10957286397194572 0.1279551669304743
3 0.46611903455149334 0.660178701241006 0.11229734577334831 0.12179609514371972
3 0.6005545913067534 0.6796608239648327 0.12529799352159507 0.1299723079967011
3 0.71821246067737 0.6567424980214429 0.1409625663159842 0.1553814849563052
3 0.5850075393318553 0.5693825535108615 0.09919656847545255 0.11205738229073817
3 0.36475559608711544 0.5991850284380369 0.10232156847545246 0.11214831050398359
3 0.26411285086747743 0.5147765876883792 0.10272208667404978 0.1183983105039836
3 0.3603067304171267 0.5104180451310844 0.09849566162790727 0.10111988229073816
3 0.2762204295219627 0.4231884812618885 0.08423290252860856 0.09758570533113406
3 0.19909552745477946 0.3490128468595793 0.0951704025286086 0.09790395407749282
3 0.38472214682539596 0.32411683227810295 0.08519462523071261 0.08825616943775678
3 0.3833715954688066 0.40603442201154627 0.09577117982650449 0.10727895407749273
3 0.47793192628276027 0.35415602177411937 0.09174501387966068 0.09312552586424747
3 0.4739186474437048 0.5141304153476287 0.10957286397194572 0.1279551669304743
3 0.5599958497877433 0.48511285359000383 0.08872014342931003 0.09459709765100222
3 0.49265695789959274 0.42858772044133586 0.09204540252860874 0.09781302586424748
3 0.616194587449242 0.42343355601814403 0.08423290252860874 0.09758570533113406
3 0.5589816671834615 0.35491688822973994 0.09194527297895938 0.09625052586424747
3 0.6619564728589876 0.35426000719264295 0.09330751387966067 0.09317098997087019
3 0.7495182271779243 0.4359298928485934 0.08998225478036197 0.08995506175762494
3 0.7273509353820589 0.34377949676780173 0.08459384793281668 0.07888116943775678
3 0.6529004503414536 0.27654418415224713 0.07551923658176474 0.08329588479802066
3 0.5776303400701358 0.29510997921682447 0.08479410703211539 0.08200616943775678
3 0.47698879241417425 0.27152537820061007 0.08685725478036196 0.08986413354437942
3 0.4027187800756731 0.2136423335317441 0.07718186613141409 0.08490384890464338
3 0.49648856647286765 0.1984372191876946 0.07189358883351815 0.07539245658477527
3 0.5760165777316346 0.23511285359000386 0.0733559592838688 0.07387542069139794
3 0.6547423550295306 0.2234646482588698 0.07814358883351816 0.075574313011266
3 0.7399684562015498 0.207728336501245 0.08323160703211538 0.08196070533113406
3 0.6591981199889253 0.1539333982588698 0.08156897748246603 0.08035274122451135
3 0.6673901542266516 0.09910950593900175 0.06474242288667416 0.061148100158284556
3 0.5732408335917307 0.16891119206980593 0.06826794108527139 0.06748902837152997
3 0.581733256478405 0.10939979974993788 0.06846820018457009 0.07061402837152993
3 0.5914877907161312 0.054530443323447156 0.06287953423772627 0.05641513605166189
3 0.522226650987449 0.0401700781214678 0.06610466378737563 0.05806856426490725
3 0.4427696884643778 0.0510597655059132 0.06720608883351815 0.07525606426490725
3 0.36059873612033944 0.07996366699698128 0.061917811535622216 0.06574467194503919
3 0.3217074144056844 0.12710309144930293 0.06680557063492083 0.06900606426490725
3 0.426595173504983 0.12093199630558331 0.06680557063492074 0.06900606426490725
3 0.4983502575581392 0.13288041534762862 0.07239423658176455 0.08320495658477531
3 0.5154166440476188 0.0855962383880245 0.06916910703211539 0.08155152837152993
3 0.4064751218438519 0.7391136949727998 0.057269884330011324 0.09056281551854842
