3 0.5521951196784729 0.8029921401323132 0.15236650626826406 0.24620800050420327
3 0.498484972167674 0.6065816798569686 0.14836999050069472 0.2755677185732178
3 0.4955197070656947 0.4121596905006305 0.12500391926229176 0.20997556956195354
3 0.46850065254479195 0.29015365052387354 0.11065047853284753 0.19649222376899794
3 0.38296188962701405 0.23425357576613987 0.11068684612402784 0.19805472376899802
3 0.5909192067813543 0.2214961216949815 0.20258209897381949 0.12492286238870207
3 0.7228303555264242 0.5941902125442585 0.3076722553183336 0.2835873042267149
3 0.7679649368328131 0.7907809892794637 0.3381598423243057 0.3200382564562879
3 0.30666441413138956 0.776463219077421 0.33190853590354186 0.2525229745253025
3 0.25309843056454906 0.5192245194457381 0.31584843123013917 0.2997586074450235
3 0.2844685318194793 0.1579481658591123 0.16726154160312506 0.08189412822814393
