3 0.7677583830827999 0.7859188202265864 0.13293640999505135 0.18627969269935712
3 0.9357946528705036 0.675048940302261 0.11863489258219673 0.15139535672980173
3 0.8405330625268705 0.6275107540286948 0.11238489258219672 0.15114068874502423
3 0.7129270409301446 0.6916939763483659 0.12266065128862387 0.16871019072219048
3 0.6983964721832375 0.5780625578692968 0.10564356965141819 0.14151102076024671
3 0.6245771918800843 0.6272866250557716 0.10802494120271575 0.15719968775644108
3 0.6035852611928181 0.5391181215957305 0.11526423111680746 0.14658052273741298
3 0.40328869007106183 0.5699357455885568 0.13318871551297526 0.1613433596955513
3 0.5147407671857119 0.4801476868050389 0.10844102103089917 0.13538835475263547
3 0.3965739433504223 0.44181074558855676 0.1003828595655099 0.13038251977166357
3 0.31795762041964376 0.4292523957788372 0.1021091338757694 0.13357118676785795
3 0.31850649705932393 0.36534906326932315 0.08707063206674706 0.08462435079830274
