3 0.07328637790997795 0.5817250246106063 0.13915002471457935 0.12109741316955062
3 0.13933714224443397 0.5155975709288247 0.11820085475263546 0.10488137978345584
3 0.09711249155986197 0.4384978618367671 0.11944501977166348 0.09711434389007838
3 0.3811121012554133 0.32161320486891565 0.15152269072219066 0.118336126022532
3 0.19566934977253853 0.3232569582341279 0.1269391847906915 0.08952916442319178
3 0.5020732000765497 0.2516082449189281 0.1044911818249421 0.07483016693047428
3 0.7399950113315255 0.3633426814454436 0.143994033611828 0.16337584138279587
3 0.6182699781768081 0.9127994606749035 0.2936756986308559 0.1599278956185735
3 0.0904287514456937 0.8886904269596041 0.1808575028913874 0.2226191460807918
3 0.4604322563514286 0.7744547115328333 0.23314937551288217 0.2065468313536659
3 0.7403399322448715 0.7387973225116704 0.20097354547482596 0.2212170851145899
3 0.813859639772976 0.5469568149898231 0.13516286167271757 0.1381485208496825
3 0.8396329139932638 0.43272683042922927 0.10133168973360754 0.11219377461060631
3 0.6760850671492937 0.4921065274470931 0.12814885771838505 0.11921666442319179
3 0.57202762543852 0.6079695566765528 0.16979252965749528 0.14539873119538155
3 0.24111852365163408 0.6859448263391011 0.2163783695813831 0.17796719028743926
3 0.41218705182625454 0.5571702716411053 0.17023819863085593 0.15633623119538154
3 0.5277430676435854 0.48544368731793847 0.11102502471457924 0.12027905925034225
3 0.5802751600389311 0.4439525207831755 0.09374468281352524 0.07919941818411544
3 0.6191440004571105 0.41144990934211984 0.08255251482874755 0.07263116943775678
3 0.8681518448296227 0.3662894881885035 0.06724584980971926 0.07998902837152996
