3 0.2038531818189199 0.30765206096620196 0.07892393939369331 0.106824313011266
3 0.4659227346233104 0.3975339487337235 0.1227425384437538 0.16894387978345576
3 0.7373828182966811 0.7398816069552161 0.19740834577069996 0.19451819279472177
3 0.415296456356322 0.7235114270261112 0.17949050542706696 0.15031355172849495
3 0.08722340315544673 0.7254509778966762 0.17444680631089346 0.15991587226160836
3 0.023865788670896317 0.5762526114410557 0.04773157734179263 0.11624477711788864
3 0.20666284204111368 0.5517286698999752 0.13854460085908257 0.1132394490629279
3 0.43335813885261043 0.5872556782797524 0.13237648801421234 0.11462009263643722
3 0.6426988393275803 0.6115867738856904 0.15054663387576941 0.13387019780928675
3 0.6254095200148463 0.5247232713784079 0.12538950361804452 0.10037573620994636
3 0.5889674089789985 0.47585987404397495 0.11527087516934209 0.1156824874635877
3 0.6520682745374021 0.4030384879923131 0.11107469810012063 0.12492109514371955
3 0.5406770731579211 0.40003917161583474 0.0754780348257091 0.07084134890464319
3 0.26005783695273105 0.47060905054136065 0.10425813206674714 0.08415970282385157
3 0.06490911126299055 0.4731670638691958 0.12226450361804461 0.1002848079967011
3 0.03836205789277316 0.3915138985880742 0.07672411578554632 0.07919941818411544
3 0.1606177589335699 0.4032971815784577 0.09447369629109832 0.07607441818411545
3 0.060280244234248805 0.3679938305622433 0.0942280348257091 0.07138691818411554
3 0.10586938319840086 0.3167435676301195 0.06997166327441158 0.05507995658477531
3 0.31308101763999713 0.3816996632360576 0.06865482473980081 0.059721992478152505
3 0.32504210707911907 0.36185016448969887 0.0747410504295413 0.056778848904643374
3 0.21599465569963808 0.3587826519532865 0.07186171189493056 0.06137542069139794
3 0.2582098111721335 0.2974897992877195 0.05944359905006032 0.06257420783841657
3 0.31532959237979796 0.3239098952893689 0.05401911465389251 0.0483753155185485
3 0.11457599785229342 0.2696867112036288 0.0539372274987628 0.04681281551854841
3 0.1595985707830719 0.25901598416488236 0.04587906603337357 0.041897994985435096
3 0.16190802125804177 0.28937107389832567 0.0445622274987628 0.04654003087881238
3 0.9441119323847467 0.4865878077340037 0.0621525192218769 0.0844946719450391
3 0.8590209594085397 0.4133980118114965 0.0862517605154494 0.06803459765100203
3 0.8610614942342487 0.3446934759181192 0.0666828889641522 0.051864028371529966
3 0.7979373744919736 0.31376773634296046 0.05541784034363317 0.04529577962517113
3 0.9343728414752868 0.3300793949601645 0.06076043758467122 0.05793217194503928
3 0.5603588093631112 0.33706179849629664 0.06684666327441154 0.05498902837152997
3 0.3602669561291794 0.29998065030393384 0.050812227498762755 0.046721887305303154
3 0.8644155455683012 0.26580995797143053 0.05212906603337366 0.04207985141192579
3 0.28438945160662354 0.42309755304864316 0.09628185775648763 0.08080738229073817
3 0.43992239936806 0.521539750066507 0.11535940637700648 0.0876029515702104
3 0.444105288332212 0.47149428595988435 0.10541119629109837 0.07639266693047428
3 0.3167117079382017 0.25288434144930294 0.049904824739800804 0.05917642319868044
3 0.26432701436063677 0.25518863902116273 0.04398901741285455 0.03560253087881238
3 0.23118364371385045 0.24757236731355042 0.03905585594746528 0.030778638558944315
