3 0.16414441178771585 0.4894022619808996 0.24713792794496667 0.23959824645662095
3 0.5959202345605394 0.6909944667980722 0.3600942849312084 0.3012847693221117
3 0.43162208846673816 0.46598208703115773 0.24928078130301135 0.21158237386128267
3 0.6604663402808366 0.5010118183420182 0.2614533990890262 0.2026438834799295
3 0.8652641791685021 0.7385316325925032 0.26947164166299586 0.2890724568009073
3 0.9056498323914702 0.5327156530109234 0.18870033521705948 0.21964784500534212
3 0.13258684382421576 0.2800917493670278 0.1532936695074462 0.1442460517214313
3 0.14498266170289786 0.16467508049255383 0.1744791887447399 0.16995537985173245
3 0.35818704454985517 0.28942207623138455 0.2098908990890261 0.20084328130301127
3 0.29799109981466554 0.20078865136646082 0.11464783175849824 0.11012402286549072
3 0.48045142494974175 0.251517793747247 0.2006250264936879 0.2036408990890261
3 0.41115329872620643 0.17102425109630834 0.12051588584218216 0.09940477767481415
3 0.5309573672378607 0.17466262786799786 0.10240080290255768 0.07224207694917481
3 0.7499901094333123 0.19751974139284348 0.10185516587924895 0.05661707694917482
3 0.8654340601589517 0.21069680927152562 0.10158234736759511 0.04880457694917482
3 0.968764902084251 0.3437052275130274 0.06247019583149793 0.12912699400955024
