3 0.25926102859454997 0.6463675684880494 0.15792919961943913 0.16066001834239999
3 0.6488036896592453 0.661564041832379 0.16468853558899427 0.17334187476889085
3 0.6354507968833387 0.5488056290585399 0.10388368676785795 0.09822220282385175
3 0.11538498908840404 0.4429878188837607 0.11657468775644109 0.10327341567683312
3 0.5253502380998208 0.435740990895307 0.11029019566510634 0.14054609514371955
3 0.4514007435370283 0.4121420180131956 0.0842423488211363 0.0758016335443795
3 0.3545721644875554 0.39467102467711324 0.07767401384016441 0.06780727711788873
3 0.3763635928524563 0.3386339733443297 0.06791701186299814 0.058159492478152594
3 0.49466792387909553 0.34611620124100595 0.05809634288963732 0.046949207838416565
3 0.6928706605332227 0.40355531353999147 0.06485567885919252 0.05963106426490725
3 0.6734640859323741 0.3627628289793976 0.051782675893442945 0.04520485141192587
3 0.6362015078714844 0.33887669959165334 0.05165534190105418 0.04207985141192579
3 0.5728884243733872 0.3414992459098719 0.05509867688202626 0.04998327962517113
3 0.8746499011416826 0.4427445310118264 0.06166701186299832 0.05797763605166182
3 0.9586548280237087 0.39192016541413566 0.0487850098858317 0.048238923198680436
3 0.753484508365776 0.3331231415949522 0.04371550790866543 0.03872753087881238
