3 0.5182330138226294 0.6186070159108775 0.06599634059717552 0.050363614363184796
3 0.4793397586268494 0.5829104104264873 0.03143567029858776 0.025172716822512698
3 0.3621194076381137 0.5617262777165383 0.038122712873234654 0.03145907825883114
3 0.12331363375290014 0.5482778978352595 0.07537134059717551 0.05041815651766228
3 0.18564974278740753 0.5502580334720749 0.03299817029858776 0.02518180718159222
3 0.15114905664937794 0.5410875665513663 0.055856516091543365 0.03937157220870695
3 0.47374532248881973 0.5735717718628057 0.02307686708027923 0.01731476502711473
3 0.4185715034310693 0.5473410699692118 0.01159306386197052 0.009438632513557366
3 0.42727451407473105 0.545728572994274 0.015045845792955603 0.01414431323171641
3 0.78651883807616 0.6795207482514842 0.025841234160558103 0.03451135538619425
3 0.7560336625817923 0.6687650554330765 0.06388753737886681 0.042542024004105096
3 0.7316345961219317 0.6603167511783503 0.02987317029858776 0.025163626463433175
