3 0.08610610327322658 0.7924486732831983 0.17221220654645317 0.17094185442427942
3 0.12325884057453684 0.6607106757643976 0.17042660580511532 0.1452141083532208
3 0.03312992541307793 0.5660274143918581 0.06625985082615586 0.09455482878371627
3 0.1839904986492376 0.5798095862273144 0.1272569591631599 0.11512419396136267
3 0.0034225780454831137 0.6576862214639527 0.006845156090966227 0.09662244292790553
3 0.2272246326773213 0.5293943633156196 0.10122024881887368 0.08427230024766903
3 0.24507682078908893 0.4887522466902311 0.08817461179556503 0.06806510339082213
3 0.26896075409153325 0.45465122849326606 0.06753472958157988 0.057744033498446076
3 0.26563734664980465 0.41537040467194847 0.07427580290255768 0.07209763192686953
3 0.2785837799522489 0.38075996422524244 0.05616071996293304 0.044734611248705036
3 0.07931793385059842 0.44161176530148094 0.15863586770119684 0.2138913337461151
3 0.1280927066312712 0.3878361019430801 0.13837799763774727 0.16556084160399784
3 0.15791910508732512 0.3180159075674326 0.11502977767481415 0.12235449710451593
3 0.08276782686435677 0.2292209272121397 0.060213302902557664 0.07144266046291677
3 0.495629925413078 0.28288119809519197 0.1061260036281972 0.09074062406898661
3 0.7954314848542395 0.504212658391493 0.14348215988879928 0.1330394400324213
3 0.2979389590783419 0.2298524356891951 0.09615080290255769 0.07311647642635144
3 0.19670384129232704 0.2157470862273144 0.09873016587924913 0.057637025640563166
3 0.24629212432461883 0.2970912855653606 0.05012897477225655 0.05069351282028158
3 0.07635164655713739 0.3009139906943751 0.05163691106992567 0.049203787427387444
3 0.836629337494494 0.9604442910444881 0.20867065027015244 0.0791114179110238
3 0.7658877954765275 0.7900217258026696 0.1637053798517325 0.17610023531769164
3 0.720252891662996 0.6626929383752822 0.13038195916315995 0.1152697431755744
3 0.9195088471979588 0.6484978134777262 0.11870041469812272 0.1381250463187275
3 0.9125470629845406 0.48932186662087923 0.11588294954451328 0.1021147717116218
3 0.8255034199707824 0.4273612140158455 0.0848313569862416 0.061669554176610394
3 0.6866046110777748 0.4161967739834241 0.0786904843909035 0.06450345574818712
3 0.6381546981937507 0.5039300603773542 0.09357143992586625 0.08859592721213971
3 0.7109523358500314 0.368814505786459 0.0641369110699257 0.049785984284234266
3 0.6230703899337154 0.375676627788531 0.0625744110699257 0.049713209677128486
3 0.5390401303150686 0.38428318630836766 0.06446429328391083 0.05916098428423426
3 0.4937921177011969 0.3579175853987449 0.05487103847458741 0.05247433664159917
3 0.5808928136175128 0.35101907609311994 0.04974702885594055 0.039756012820281586
3 0.6167038280454831 0.33390650475300176 0.04818452885594056 0.03968323821317572
3 0.6787673184268362 0.34931748903723603 0.05147321996293321 0.044516287427387446
3 0.5883432150687916 0.3169351745215434 0.04344246515360979 0.03790241439185813
3 0.5922717685195036 0.45092918486062566 0.06937004809323426 0.06562930810555194
3 0.5710788147986392 0.4303790903611436 0.0723313569862416 0.06108735731976367
3 0.6068873400263827 0.4805631809316841 0.06958830290255769 0.07187930810555195
3 0.46804807323615966 0.3332429170779453 0.04829365626060209 0.04280823821317572
3 0.4287499602594682 0.31576216459674594 0.04996528366526398 0.046006012820281585
3 0.40507684728277676 0.2990091581866051 0.045059528855940556 0.039537688998963996
3 0.3540054206037545 0.2825450961521119 0.038482146641955414 0.029871590570540542
3 0.31923111652007047 0.26997016749223 0.04166171034428619 0.03157963978475227
3 0.4363094891154088 0.27855326302516936 0.03535714664195542 0.029726041356328815
3 0.4005356802224013 0.27219194706173466 0.04974702885594055 0.039756012820281586
