3 0.10595523634296045 0.811096212706539 0.1183073822907382 0.09622521397248321
3 0.016682416996981274 0.77248263520921 0.03336483399396255 0.08315972958158006
3 0.09378550844628422 0.6928918497298475 0.08637542069139799 0.07169643992586608
3 0.266322086501245 0.7446204969199571 0.09000052586424748 0.08899306733052796
3 0.23035950593900173 0.666269807627063 0.07392088479802066 0.0728224303072194
3 0.30624605601814403 0.633181999915182 0.06556281551854841 0.05379961179556503
3 0.19589122921682448 0.5902083046318382 0.0540797462390763 0.034667665879248945
3 0.3875475318032492 0.5749305010963084 0.03845474623907626 0.03412202885594055
3 0.32954481518934403 0.5566641399337154 0.028943353919208194 0.029107146641955416
3 0.3595876678549111 0.5165922114405946 0.022284176959604097 0.01482639183263199
3 0.29503342286947604 0.5625520413849943 0.04654003087881238 0.04376984736759475
3 0.010998369820832868 0.5524702355720297 0.021996739641665736 0.04193452885594055
3 0.6482958490376574 0.8405455442954011 0.11669941818411544 0.09460815027015243
3 0.6266087171426306 0.781207749830364 0.09740384890464338 0.07520338584218215
3 0.602191390341311 0.7352330509188232 0.08141513605166181 0.06215774881887377
3 0.6863079775674719 0.7143451428441223 0.07502874373179384 0.05725199400955035
3 0.5891518327403213 0.7005678742398007 0.07507420783841638 0.05881449400955034
3 0.6786689738065481 0.681832743206942 0.0718128155185486 0.054017866604888456
3 0.5893253289793976 0.6677826560909662 0.06850595909205773 0.047658739200226743
3 0.6599106136191337 0.6559522894860776 0.06230142319868044 0.04900298439090349
3 0.7741178661264161 0.6738168573647598 0.07176735141192588 0.052455366604888455
3 0.5672601123654925 0.6482613297747637 0.06243781551854841 0.053690484390903494
3 0.6274080021780781 0.6196254090861911 0.056142351411925875 0.051909729581580064
3 0.9368475351684615 0.7407166367688545 0.056960705331134065 0.08003472958158006
3 0.8857540481005852 0.6995757707969382 0.07994356426490726 0.06522818511654283
3 0.8568849020197934 0.6724874811412244 0.06868781551854823 0.053908739200226916
3 0.9111775969260864 0.6573237834108099 0.07020485141192587 0.052400802902557685
3 0.8866693419115214 0.614474084499269 0.052517246239076346 0.034613102176918174
3 0.8611836086045688 0.6052181355877282 0.03988085391920819 0.029489092558271323
3 0.9487805484962966 0.5451858819595311 0.03800010517284917 0.018497028855940557
3 0.9453289395625234 0.5296972912153582 0.04742056927947189 0.020386911069925694
3 0.8234419162055584 0.6416566325925033 0.07208560015828454 0.06339286660488845
3 0.7360783085254264 0.6400246999230312 0.051136602665567035 0.04080853847458741
3 0.7869050226320491 0.6366888795972784 0.027517246239076344 0.03374008293962447
3 0.7727659662847007 0.6129884847694216 0.05935827962517113 0.0551438569862416
3 0.7401353227111914 0.6078843225183694 0.02742631802583091 0.03061508293962447
3 0.7317916252976162 0.5995906728811893 0.036755853919208194 0.02937996515360979
3 0.714209320203909 0.586936905457994 0.03992631802583091 0.031051592558271324
3 0.6996610868969564 0.5772990106301371 0.03358538981258565 0.027708337748947896
3 0.6951266995916534 0.6258456380347989 0.058767246239076344 0.0348313569862416
3 0.6831950009244367 0.6067508976534457 0.046130853919208195 0.02970734736759475
3 0.6632462137774182 0.5949602257837469 0.03818196159934022 0.024747028855940555
3 0.6528088189502678 0.5781546717000628 0.041716138558944314 0.03891865626060227
3 0.5561551278048986 0.6275768075422451 0.04787521034569906 0.0360119110699257
3 0.5567461611909936 0.607264307542245 0.04300585391920819 0.029598219962933214
3 0.6052973214575502 0.6016665827699885 0.03992631802583091 0.031051592558271324
3 0.5444507496707957 0.6006695671608919 0.038272889812585476 0.027872028855940555
3 0.5404906753767584 0.5758332582678845 0.03661946159934022 0.02469246515360979
3 0.5682436023363626 0.5608158934770945 0.03032399749271768 0.02291171034428636
3 0.5951327112701359 0.5754860286863045 0.04019910266556703 0.04042659255827132
3 0.7919382004495832 0.7855802473832932 0.16263169530200408 0.17113593393541643
