3 0.7850880784891963 0.6105958404219486 0.4298238430216076 0.3842642834435946
3 0.7406151425504222 0.4188889416627858 0.062410719962933216 0.04644866510280767
3 0.7621206095181303 0.49648406393884503 0.11689981252120454 0.08922602698730664
3 0.7960466870154594 0.3915180584909633 0.04952877404661713 0.0346370799535138
3 0.8488443048014742 0.3784281966064643 0.035248019237293704 0.0274037341605581
3 0.9355630548014741 0.3723642308832381 0.050927582939624474 0.030058840597175517
3 0.9943576683263199 0.3810019035276143 0.01128466334736018 0.02685743094224948
3 0.9901785998146655 0.3656500551367687 0.01964280037066892 0.0274037341605581
3 0.9773686088851583 0.3584766935043712 0.03045139183263217 0.02395095222957293
3 0.8484623588851583 0.36749069660646433 0.06816964664195524 0.03282320767745457
3 0.5995238618803832 0.3480897586268494 0.05561508293962447 0.030386622528160778
3 0.172874571043543 0.4875660659556574 0.14847719473518967 0.10078623986054129
3 0.3929068180483181 0.5089883258430146 0.22549605172143128 0.16384325075630457
3 0.24119549590846673 0.4256180869908793 0.07674603847458741 0.05524451089576328
3 0.09074162812245191 0.44553673910423675 0.08019842068857252 0.06483803218308673
3 0.07738596705252623 0.3994811939316997 0.10234623920022681 0.07418018119435103
3 0.18136413892222508 0.3718482308063635 0.0621924651536097 0.040198665102807674
3 0.3080010499921508 0.4099823793134247 0.07809028366526398 0.04910377153942491
3 0.2643676118803831 0.3715261666922915 0.0668799651536097 0.040526447033792934
3 0.5152505548014742 0.4017553440282448 0.06224702885594056 0.041761165102807675
3 0.5429117633316619 0.3865074024423335 0.059122028855940555 0.041542643815484226
3 0.5180382489036917 0.3694509424190905 0.04322421034428618 0.03263753737886681
3 0.4541940037130151 0.3801806288092216 0.05599702885594056 0.04132412252816078
3 0.4728249526245559 0.3530336207634499 0.05249008293962447 0.030168101240837242
3 0.4308829892850448 0.36301490814231674 0.04952877404661713 0.0346370799535138
3 0.3818279303920374 0.37114411841766143 0.0542708377489479 0.03652736188449897
3 0.31188745262455597 0.3642874670606086 0.06052083774894799 0.03696440445914595
3 0.2917287200477511 0.3476844751063803 0.036810519237293705 0.027512994804219915
3 0.3494420163268868 0.363227711612727 0.03686508293962456 0.029075494804219913
3 0.2062351641499686 0.321553299864114 0.0493105192372937 0.028387079953513795
3 0.24260917376861543 0.33154030505989407 0.03988095553496285 0.026169016091543363
3 0.27617564191745003 0.3284099512211668 0.04300595553496285 0.02638753737886681
3 0.3438542152384277 0.33777424354371216 0.04624008293962447 0.029731058666190257
3 0.12430311787083288 0.3077036033345242 0.05399801923729371 0.028714861884498965
3 0.07009676750801316 0.30287934554085405 0.05399801923729371 0.028714861884498965
