3 0.1671875 0.56875 0.1546875 0.21875
3 0.1984375 0.39375 0.0640625 0.08125
3 0.1421875 0.321875 0.0296875 0.034375
3 0.1046875 0.30625 0.0125 0.015625
3 0.734375 0.4515625 0.178125 0.153125
3 0.375 0.3390625 0.0546875 0.0546875
3 0.1859375 0.30625 0.0125 0.01875
3 0.2015625 0.30625 0.015625 0.021875
3 0.39375 0.646875 0.109375 0.109375
3 0.321875 0.5015625 0.065625 0.0578125
3 0.521875 0.453125 0.0609375 0.0421875
3 0.5390625 0.4171875 0.05 0.03125
3 0.234375 0.3171875 0.0125 0.009375
3 0.25625 0.321875 0.0171875 0.015625
