3 0.5198805078533736 0.8882647241078608 0.12839048138875028 0.17974281094499106
3 0.7248847233214704 0.7161905710102145 0.09106595574818713 0.081148180687266
3 0.6183265082676584 0.7319560911366025 0.08249147642635143 0.09784435775648763
3 0.519156954091048 0.6541387075995175 0.03917381596343468 0.03790279172311415
3 0.5611432468951189 0.6307930608334493 0.035976041356328814 0.03617651741285464
3 0.5832708039672134 0.6014397535065029 0.024456344499482086 0.023103307326946165
3 0.5279304865560366 0.623918941091174 0.02772689371369381 0.02639208163720568
3 0.495516092842343 0.6005566841937691 0.026164393713693813 0.0263101944820761
3 0.5194994023956369 0.6110471268668227 0.024456344499482086 0.023103307326946165
3 0.5500580436281313 0.5945656337642278 0.02296661910658777 0.024583920171816587
3 0.523912920592602 0.5881042718238687 0.016207196856846906 0.013318871551297563
3 0.5437523856464139 0.5768834888071819 0.016352746071058633 0.016443871551297562
3 0.5218409983428609 0.5772486589789985 0.014644696856846906 0.013236984396167628
3 0.5609034983428609 0.5752014801007546 0.014644696856846906 0.013236984396167628
3 0.5408992133966729 0.5660688195398765 0.011446922249741042 0.011510710085908293
3 0.52133157609312 0.5663111589789984 0.013082196856846907 0.01315509724103805
3 0.5351757522718024 0.5608866745828307 0.011374147642635179 0.009948210085908293
3 0.5185511784504848 0.557058989711693 0.006541098428423453 0.006577548620519025
3 0.6071856470189534 0.6777189704898162 0.02162244292790554 0.02918953301668683
3 0.6418881327509298 0.6829487030769616 0.027256012820281582 0.049747694482076096
3 0.600205746895119 0.6287458819552054 0.013737168320799497 0.02721759724103805
3 0.5707151459854961 0.5840851571699761 0.00690497146395277 0.014390048620519024
3 0.5461132522718024 0.5603134644969223 0.005051373035529316 0.008058161465389268
