3 0.6878240538298247 0.6429330559892931 0.18843834361388012 0.17235226866002265
3 0.40603503085086545 0.7543559215023982 0.17589877081949085 0.14665136181247734
3 0.18321809454595595 0.7468495118770758 0.17982480721668553 0.15935162091177607
3 0.43623007788851814 0.5866980521317817 0.14717299352159507 0.13547402991878954
3 0.651203038252121 0.5223492481542987 0.14903588217054314 0.14026165946843888
3 0.2619007063584333 0.5753063764673303 0.14248549352159498 0.13517364126984166
3 0.04940760564783941 0.4309810872923586 0.08525518198597284 0.06770673658176456
3 0.593679237356957 0.4365607449150962 0.10883238433001133 0.09567105027685514
3 0.4166871383444062 0.5031438749261709 0.11019462523071262 0.0926461798265045
3 0.41534348627722295 0.42698189312476814 0.09553134793281685 0.08237001387966067
3 0.29613241132336543 0.4175043684477659 0.08076794108527148 0.07053134793281686
3 0.5448190376338122 0.3369903439276471 0.07421755243632351 0.06544332973421944
3 0.5639404750184559 0.37855728023255664 0.0811684592838688 0.07678134793281668
3 0.31347940006459846 0.3774906377260973 0.07109255243632351 0.06524307063492074
3 0.4299252228589876 0.3451311158268722 0.08912066162790726 0.103744366131414
3 0.1823679048449604 0.2987519733204129 0.05027940468807692 0.05612888648947969
3 0.5243854241232919 0.2916172871723869 0.06151729333702498 0.061517293337024895
3 0.8737228925064592 0.19453872147471163 0.05602875693983052 0.04871690468807692
3 0.33577350709671383 0.2967017126799548 0.05955427513842757 0.05516716378737563
3 0.7860319278239197 0.1667024205795476 0.04927810919158375 0.0405038864894796
3 0.8457771676448868 0.14497881246769803 0.05995479333702462 0.061417163787375585
3 0.48260893430232465 0.3121894054632693 0.03495479333702498 0.05981509099298643
3 0.6226400562938348 0.15460983806755096 0.03471496144333699 0.031790220542635785
3 0.7408987029623473 0.11824393661867653 0.03481509099298634 0.03335272054263574
3 0.8777781392672568 0.13125747147471162 0.0349152205426357 0.03491522054263574
