3 0.5742334026782023 0.5082253420411137 0.27212636724704353 0.23735831637205784
3 0.4620613262725941 0.71362657225341 0.3616267879384413 0.3106939970593238
3 0.3089517319868043 0.4532733276804769 0.20724551332783517 0.205875943011738
3 0.4368541084715548 0.27756291949444795 0.1765578029821361 0.16994508706427264
3 0.6051889198334681 0.20066846958530507 0.21392141066226814 0.1672228787873868
3 0.9089587775136001 0.18005391791256828 0.12802937476889084 0.16428158525525038
3 0.8663644490629279 0.08761079036837696 0.15418269780928676 0.15161116689245618
3 0.6474469645023341 0.1202096856641071 0.14568823620994636 0.1277642311168074
3 0.4368588054894186 0.11637975802905873 0.12492109514371971 0.11107469810012063
3 0.35654683135366605 0.20665727725093558 0.1397564849563052 0.13837418249628844
3 0.2831811906831507 0.3474294414298583 0.17834762351524952 0.1778394742194025
3 0.16568380212420633 0.3160300344870248 0.1906203029821362 0.17068207146044045
3 0.2540128647397609 0.23237432948949924 0.08783027210332381 0.12317190637700666
