3 0.2952606122831279 0.9514172688834357 0.10454540252860856 0.09716546223312861
3 0.38935867057954765 0.8333885659859728 0.05642927513842757 0.055588071785543036
3 0.4953163787836822 0.7479973628764063 0.041065090992986344 0.03420997925407558
3 0.5370823766242139 0.7087698421304818 0.02816457279438911 0.027012785892771517
3 0.5015256084256166 0.7123558608018138 0.026602072794389107 0.026894386722608486
3 0.466800155001844 0.7152198290582273 0.03138970234403828 0.0288120842330974
3 0.4767456539221098 0.694777274494124 0.019951554595791877 0.020170790041956366
3 0.5034583482465838 0.6944463103868953 0.019851425046142523 0.018608290041956365
3 0.5238209130214084 0.6952042495990147 0.022976425046142522 0.018845088382282427
3 0.5149663471668496 0.674122154992955 0.016526165946843818 0.015246491701630305
3 0.4453454595976358 0.6947530410908636 0.016626295496493172 0.016808991701630305
3 0.47447175509412903 0.681259226153798 0.014863536397194465 0.013565592531467274
3 0.6866329912144684 0.7884009103915398 0.18813795496493207 0.16974750539858477
3 0.4822971422019175 0.8286553670255913 0.15083821406423076 0.17003092531467204
3 0.3609530683277942 0.8233856813379568 0.026140997840531633 0.04396348755244546
3 0.3809837685123643 0.7558196730395871 0.018989831893687813 0.029427390871793337
3 0.44622803671096156 0.7544832386013527 0.08090764342931003 0.09787066016782511
