3 0.16261571301188374 0.5486787601767652 0.2887544695529872 0.23069223654387444
3 0.3936389749157404 0.6319129047951269 0.310874909248137 0.27402615671569086
3 0.7993430324901162 0.38245630088382654 0.18392152380771343 0.20020579715018094
3 0.5943600958200286 0.34240226820582403 0.1539158612399268 0.14396244120271567
3 0.9097073189872532 0.1437888692920493 0.10838519262201593 0.10408771370395287
3 0.021667484383710165 0.3661639105608781 0.03951701795398089 0.08017217887824382
3 0.2568373699223296 0.3561836437138505 0.06150110226293633 0.10006859905006031
3 0.2337402375069681 0.28158975746323184 0.07073974687674198 0.07712242198083885
3 0.4378192043294808 0.3005909837187993 0.052044289031219645 0.08551477611928178
3 0.39624023750696813 0.2730734933297376 0.052035198672140126 0.08395227611928177
3 0.47190331283893305 0.24878946630594473 0.0457579275949012 0.07893722749876275
3 0.42962945442767675 0.23615666949444797 0.040988614363184794 0.06462906603337348
3 0.5201499152982612 0.21343846449692236 0.04259656615858276 0.07252345318850333
3 0.543401062937129 0.18017890716997612 0.033130662567786476 0.05640713025772479
3 0.4809692406302261 0.19517314337516617 0.025336343285945872 0.05912269448207601
3 0.5643811834486337 0.15954218057572445 0.018886355386194254 0.024420145861556986
