3 0.38717336127156765 0.78359375 0.45031633134415217 0.246875
3 0.18892047390340225 0.5640625 0.3778409478068045 0.20625
3 0.5654319530684764 0.459375 0.3007419945971538 0.146875
3 0.21931508724110854 0.41953125 0.3024865051204976 0.15
3 0.19026316602501192 0.24765625 0.2635304209337479 0.125
3 0.11052943437027622 0.16796875 0.20838789462538868 0.1171875
3 0.592751129193309 0.25859375 0.2742859104104042 0.121875
3 0.6719010319229669 0.36171875 0.2860424577654509 0.1359375
3 0.9017019239881069 0.31953125 0.16656441567207594 0.1234375
3 0.9237960028425973 0.221875 0.13293286831702958 0.109375
3 0.6727229953736127 0.66953125 0.4492998629141832 0.25625
3 0.8978363874387526 0.62734375 0.13702810509226282 0.1796875
