3 0.090625 0.5359375 0.1234375 0.1046875
3 0.1609375 0.475 0.1046875 0.090625
3 0.1234375 0.3953125 0.1078125 0.08125
3 0.4140625 0.3 0.1359375 0.1
3 0.2296875 0.2875 0.115625 0.075
3 0.5390625 0.2390625 0.0953125 0.0609375
3 0.76875 0.36875 0.1234375 0.146875
3 0.6125 0.9078125 0.2765625 0.1234375
3 0.0828125 0.8546875 0.1640625 0.21875
3 0.4640625 0.7578125 0.2078125 0.1796875
3 0.7453125 0.74375 0.1734375 0.2
3 0.83125 0.5578125 0.11875 0.1234375
3 0.8640625 0.4453125 0.0875 0.1015625
3 0.696875 0.4921875 0.1125 0.10625
3 0.5859375 0.6 0.1515625 0.125
3 0.2515625 0.653125 0.19375 0.1546875
3 0.4296875 0.5375 0.15 0.1359375
3 0.55 0.475 0.0953125 0.1078125
3 0.6046875 0.4375 0.084375 0.0703125
3 0.6453125 0.4078125 0.0734375 0.0625
3 0.896875 0.38125 0.05625 0.0734375
