3 0.8541116124230413 0.5644723376646315 0.268352353895034 0.17172089448421418
3 0.6810928981368563 0.5058694243410427 0.16443642126547414 0.12040204721387227
3 0.5694832422926576 0.5061263005505798 0.0777079886359143 0.07008425782192056
3 0.5090775763021892 0.479206755755782 0.08982615909060954 0.04893729991529554
3 0.866235511367381 0.49586655083292863 0.2263091298696164 0.08810475768074628
3 0.02662318100800206 0.524787897397399 0.05324636201600412 0.1754242052052021
3 0.16089917492221742 0.4846571791086044 0.09481366801906325 0.06639781570031093
3 0.2632292881527422 0.4794775844690983 0.08708298863591431 0.0706302893919517
3 0.11280259415909663 0.4679470922204317 0.03968979139585782 0.03821263154179633
3 0.0512883957012242 0.45982305005646973 0.03656479139585782 0.03803062101845249
3 0.10282362216227385 0.4583823764212987 0.03023297077900682 0.03297909997176518
