3 0.5209369610310114 0.7594646596388565 0.22015248758216438 0.17991874813797323
3 0.7958886478545714 0.6042333883415194 0.19961684697528082 0.15717045285270287
3 0.7065546940712479 0.48776082589274133 0.13899834030732094 0.12010279238978612
3 0.5440867739175874 0.552142311210433 0.15551616061076282 0.13176803846084476
3 0.46396858134415153 0.4943897772977023 0.15723815727678297 0.11472608767505647
3 0.672179565133294 0.45122616646328195 0.14161315727678297 0.11399834160399784
3 0.6228809378623301 0.40682550310488114 0.1385201081851685 0.09517556699689197
3 0.5678265181677116 0.3471273254784566 0.1191323793969957 0.0864897717116218
3 0.4152276766524425 0.35734784967127775 0.09933006242753387 0.09179370181924558
3 0.5259737290780369 0.31638890178097356 0.1019448793969957 0.0856892510334573
3 0.3833557943805087 0.3378187537240537 0.08022937606301594 0.06755568114108117
3 0.38404119165535194 0.28175069024181826 0.08048446757828502 0.07068068114108109
3 0.2603174228594206 0.5007618635250166 0.1401782030344175 0.11548806699689199
3 0.11419159301308116 0.4507533631107318 0.1250953369733412 0.1023330955329392
3 0.2696920360455589 0.3859181135250166 0.10832242515463034 0.08754284946188076
3 0.1276639037736252 0.3715196273787555 0.09987219636645772 0.07936647642635145
3 0.2550871442307275 0.29787445802449863 0.08217451333591956 0.07231595574818694
3 0.3411680365046009 0.26351226654433524 0.0716516015172087 0.057816808105551856
3 0.4273446525656772 0.247046050457066 0.06996155575957416 0.05618153349844599
3 0.13754895786620944 0.32669727895033207 0.07295901000193968 0.05476458271265772
3 0.23876051362578368 0.2690602533097689 0.06332891848667063 0.051202935070022625
3 0.23681524741492616 0.23568482713108646 0.0531886439408634 0.041391287427387444
