3 0.8746382360936484 0.5513862257053501 0.199298394391219 0.20301620653952135
3 0.9108357649264637 0.4259578027776567 0.13656602103089915 0.13653436068413444
3 0.6943985374277009 0.47999268125628836 0.1886198439616777 0.1480103715585493
3 0.5872300893275803 0.6059742025108266 0.2164925384437538 0.17409271049385405
3 0.47282235131336786 0.7213365587463368 0.22053158525525038 0.13215987847863175
3 0.2666918600197951 0.7125849357420936 0.2180550384437537 0.17415637749004845
3 0.11790579997931541 0.8145360493919777 0.21855964947960166 0.12428371148243719
3 0.08548716276638516 0.6480143942587814 0.1709743255327703 0.17489120653952134
3 0.27884878053029594 0.4657417692401909 0.19388055404758592 0.1591388725471326
3 0.34228608152566414 0.6089386709133461 0.21040631275401322 0.17696304250907655
3 0.48761294889309015 0.48374105825204516 0.1800703595655099 0.13362953657757756
3 0.4390636635015541 0.35396998661694606 0.14282266508343397 0.10716519566510643
3 0.5145007547496985 0.2830725547920041 0.14306832654882307 0.11185269566510651
3 0.5910909102221937 0.21992395597086772 0.12654256784239593 0.09402852570316256
3 0.6046100983726918 0.3635957015222434 0.1527708751693421 0.11848469764227279
3 0.7435564116925318 0.3898969218647482 0.16041295680654777 0.14530186562705039
3 0.8021811391912946 0.3422924100017501 0.1466846494796016 0.12135502965749527
3 0.8302076419048282 0.268649321560737 0.16164790818602875 0.13911553262324478
3 0.867083522162553 0.2344043141463632 0.12111143939369313 0.10939885771838495
3 0.916780306988262 0.16377613775862865 0.05919129353213641 0.08816584486680368
3 0.6408651809144088 0.311445611104064 0.13838082654882305 0.11166169467652329
3 0.6881839162150877 0.27131801821442664 0.12949714947960161 0.12065469269935694
3 0.7332784102221938 0.21413025931717805 0.12695200361804454 0.10184102570316256
3 0.7983987991863458 0.1615835794694024 0.11700379353213641 0.0905215237259962
3 0.6230745725920942 0.18977619954507705 0.1121525192218769 0.08720552273741303
3 0.8330537601767652 0.1250903225493202 0.10451043758467123 0.060388354752635466
3 0.05319808457788187 0.32369748517125235 0.10343926051544958 0.06969968775644109
3 0.005464348711376054 0.3650519970342505 0.010928697422752109 0.07614600593149898
