3 0.25078125 0.5262270427187161 0.1890625 0.17617817550756776
3 0.44296875 0.5791679773255826 0.153125 0.18637519586563336
3 0.628125 0.6949395789590271 0.171875 0.21882675046142525
3 0.7421875 0.4444365360834276 0.0890625 0.09320738433001133
3 0.77265625 0.34717031230158935 0.06875 0.07159320018457009
3 0.9515625 0.34457264573643653 0.0546875 0.06444203423772628
3 0.61875 0.3810575516611312 0.0890625 0.09320738433001133
3 0.42578125 0.36712905227944004 0.1046875 0.1004586798265045
3 0.48515625 0.2982777251661142 0.0765625 0.07053134793281668
3 0.56796875 0.2653033412975282 0.05625 0.05360466378737563
3 0.60703125 0.24983783003876123 0.046875 0.04831638648947969
3 0.28359375 0.27832976326135184 0.0890625 0.06664488433001133
3 0.69453125 0.24919508481912325 0.0359375 0.0319904796419344
3 0.659375 0.23366091995201352 0.0359375 0.0319904796419344
3 0.76171875 0.25271940545404403 0.034375 0.031890350092285046
3 0.80859375 0.2604107919435237 0.0375 0.033653109191583666
3 0.72109375 0.23761603716316165 0.0375 0.030528109191583754
3 0.48125 0.2128711512919909 0.0359375 0.0335529796419344
3 0.2890625 0.2357114666851244 0.0703125 0.052943329734219446
3 0.396875 0.20668290561092756 0.0453125 0.038841256939830336
3 0.34453125 0.20723481569767532 0.0609375 0.04609255243632351
