3 0.1114253010035791 0.5932733159120724 0.1008016335443794 0.08698333148532651
3 0.6664668390085275 0.7364291796027146 0.1108753155185486 0.057932868317029575
3 0.6611668882297399 0.5433162164344175 0.057568459092057725 0.04858868942018653
3 0.556326275535043 0.5010670742281033 0.04153428213245362 0.03361613680346807
3 0.5925281999873647 0.4630819558404866 0.028716033386094963 0.021950594710093262
3 0.6140311269469688 0.44779088480791673 0.02393760517284953 0.01855257892507787
3 0.5375595551602143 0.44912514262983727 0.02237510517284953 0.01846157366340595
3 0.3907527513201482 0.4553358872269911 0.03036946159934022 0.02516659997176518
3 0.4292529616658472 0.41877676094686667 0.016079641066226814 0.01653505261671846
3 0.41068481809233787 0.41361882408692885 0.01286371285298138 0.013228042093374803
3 0.568278357746639 0.4387567900272362 0.02081260517284953 0.018370568401734032
3 0.5562102667595544 0.424641082120611 0.01598871285298138 0.01341005261671846
3 0.5264773026529317 0.4279326820923762 0.016034176959604095 0.01497255261671846
3 0.8432830547645029 0.5834043481879753 0.2774958288463836 0.2626189102692299
3 0.36268758729266787 0.4281132345679203 0.06275606426490725 0.0660492052052021
