3 0.2996722826743857 0.5944581654221182 0.08739730024766904 0.1027775192218769
3 0.358492972706807 0.45813888511896483 0.05062073821317572 0.049413501809022264
3 0.29101652833115954 0.4271921002932558 0.04764128742738745 0.05237472749876275
3 0.17901098800828794 0.360235894391219 0.03219606989237613 0.021950243102595034
3 0.22119848800828795 0.3624468475797223 0.030706344499482084 0.02343085594746528
3 0.29140182609762916 0.3684755195605611 0.029071069892376133 0.021786468792335523
3 0.3049741745260526 0.362921560379164 0.02431079528527027 0.019978307326946255
3 0.35913298159814716 0.39395355438627017 0.030924668320799497 0.028118355947465368
3 0.3884394919372294 0.38687471675617063 0.026018844499481997 0.02318519448207601
3 0.3517036253118409 0.3685031750330566 0.02743579528527036 0.020142081637205766
3 0.390693350704735 0.37211285391130033 0.024165246071058542 0.016853307326946343
3 0.46338598800828795 0.37513935662483383 0.022457196856846905 0.013646420171816498
3 0.5128594491331585 0.37225005201142103 0.02296661910658777 0.024583920171816497
3 0.5392400126153938 0.3775483836486268 0.012863873035529317 0.00846759724103805
3 0.558662100704735 0.3809157230877487 0.011301373035529316 0.008385710085908294
3 0.8292634292835637 0.7083601288989284 0.13812504631872785 0.12102290818602893
3 0.9544775607961483 0.4917225848009652 0.05130994292790518 0.030745388964152198
3 0.9000083846174658 0.48416903437142383 0.0621746683207995 0.029756099050060315
3 0.7376004299027361 0.45686182666036484 0.04945634449948209 0.024413501809022263
3 0.6613290283311596 0.44659935605900697 0.06053939371369381 0.028111711894930558
3 0.5957404156347124 0.4423788455435574 0.0449871683207995 0.028855340343633174
3 0.555605567206289 0.44654072308774867 0.03241439371369381 0.026637743102595125
3 0.6965879780834905 0.5471249785148157 0.06133991439185813 0.04529921189493073
3 0.6495695829220547 0.5141177267057933 0.056361315963434674 0.03880355042954129
3 0.6185207901179839 0.4913452900256334 0.04840326674922295 0.03526911465389251
3 0.6067121488854894 0.4758464427845954 0.04535104135632899 0.03666784034363317
3 0.5308217369748307 0.4742186657608024 0.0486943651776464 0.041519114653892505
3 0.5754450322601009 0.4577615061044355 0.042080492142117086 0.033379066033373664
3 0.5692506902418183 0.43942426390635153 0.02899829528527036 0.020223968792335612
3 0.5837156046336764 0.39789186114738956 0.01784247146395259 0.014963258706427318
3 0.5871317030620998 0.39180563545764907 0.016207196856846906 0.013318871551297563
3 0.6213975411514412 0.3959509028705036 0.014571922249740864 0.011674484396167806
