3 0.28970657142433465 0.6366231246124038 0.16265573295387145 0.10875084361388013
3 0.05046106493151288 0.5214034330657069 0.08433981818121902 0.09280686613141391
3 0.0753326055165918 0.42623063540974543 0.12000458279171564 0.07948484577334831
3 0.22395706614932887 0.49116162785160633 0.13730117694751698 0.08683627081949101
3 0.5104611765371846 0.7654850115633087 0.18970915665497756 0.1385780459579186
3 0.5339105389569305 0.6335433991325226 0.15942163879807011 0.10230058451458142
3 0.42774453936396767 0.4527160988556673 0.12148526217486459 0.07489747532299766
3 0.38441332507778264 0.5186124066906617 0.12189436525911965 0.09833497532299766
3 0.7710383920411856 0.6721505259043947 0.15451595048646727 0.08950019586563336
3 0.5501025547852432 0.5776135741786652 0.12932503571381487 0.07696062307124443
3 0.768977060060249 0.732887766805096 0.1733750446422686 0.09695175046142523
3 0.21227349796810985 0.40301078577888577 0.23672052434972918 0.14939443244739828
3 0.9217626361589195 0.6454447308693269 0.15647472768216097 0.13551360271317883
