3 0.346875 0.7390625 0.1109375 0.096875
3 0.3015625 0.5828125 0.075 0.06875
3 0.3703125 0.5578125 0.071875 0.0578125
3 0.534375 0.5703125 0.078125 0.059375
3 0.425 0.521875 0.071875 0.0484375
3 0.253125 0.5015625 0.0578125 0.0421875
3 0.3671875 0.4828125 0.0609375 0.0328125
3 0.3890625 0.453125 0.0453125 0.025
3 0.2703125 0.4484375 0.040625 0.0203125
3 0.490625 0.4765625 0.053125 0.028125
3 0.5109375 0.4515625 0.0515625 0.0265625
3 0.5984375 0.4765625 0.0734375 0.034375
3 0.703125 0.5234375 0.0734375 0.0375
3 0.765625 0.4828125 0.0734375 0.0359375
3 0.940625 0.5171875 0.08125 0.0484375
3 0.7 0.709375 0.1828125 0.2609375
