3 0.4453539871791314 0.6319052514978121 0.05214438145888885 0.029209010001939716
3 0.6863595404657633 0.6629169090644591 0.05258079255305557 0.047959010001939716
3 0.6323993922893745 0.6361310105816678 0.03833645459715278 0.03899859818322895
3 0.4557829941129855 0.6193574540731877 0.019150043502986235 0.018718049091614473
3 0.46742704929947854 0.7221157922544768 0.13405161094166687 0.19808629788366652
3 0.641354858570034 0.7203944402782261 0.2055642414506252 0.25538835697722073
3 0.5483517006099994 0.6289559814939327 0.07532861474138901 0.0872446506088231
3 0.3513831687905201 0.7830529054406151 0.032341027735416715 0.04942591515269079
3 0.3270371322213882 0.7904986146839504 0.032377395326597204 0.05098841515269061
3 0.2995297280610757 0.7997619154425548 0.033939895326597205 0.05111596091032524
3 0.269733125287534 0.8068727848376109 0.03702852773541672 0.04980855242559414
