3 0.5822253399425316 0.4430983587648967 0.044280621018452496 0.0393812354561323
3 0.7069677347090947 0.46401715239649927 0.06246917889684287 0.057971738790112325
3 0.4619506372975783 0.43892065498157323 0.04602513154179633 0.04263378121376711
3 0.5723575162791257 0.46567486043188666 0.05089464206513998 0.04614141848667064
3 0.3538651215125627 0.4524088122583561 0.08027830517696728 0.09674719636645772
3 0.43173251627912573 0.4771539786189948 0.06466871572854575 0.06903678454774678
3 0.6548746136906421 0.5040361166408045 0.053276189420186526 0.06033146424430509
3 0.5860259031531809 0.49799315285554135 0.060633663111827475 0.05315669303247787
3 0.7052162479338614 0.5341383337600475 0.1141828683170294 0.11817565727678296
3 0.5814448189664313 0.5232482443708103 0.05585515785015538 0.051211555759574166
3 0.8490348663920653 0.5612753054212185 0.18400952090551287 0.1689726248550679
3 0.5656077163638302 0.5548649061895212 0.0843287683452644 0.08619233363936125
3 0.7397207795744796 0.5958572126980014 0.1456904735504665 0.15184902667183914
3 0.8883333138459338 0.6474840013286342 0.10257751038216938 0.15921524545807203
3 0.6199242190652534 0.623519440278226 0.1150173262236546 0.10580320303441741
3 0.3282827506352845 0.6379954969558842 0.13337248407381014 0.15395366061076282
3 0.6170351665191222 0.7131718716417742 0.12695588410204497 0.1238835233378591
3 0.8069097376222792 0.7505449705739091 0.2432164628859482 0.30443163485700764
3 0.07075503185237977 0.6858261875724659 0.14151006370475955 0.2502226248550681
3 0.6528067955712568 0.8198843861856417 0.17070588410204496 0.12745480455162622
3 0.6649769267601171 0.41068472936790085 0.04519067363517095 0.05500623545613248
3 0.6245339372834608 0.41087591906639875 0.04335515785015538 0.050191189698497854
3 0.4497915425168978 0.39403858967910127 0.039957142065139985 0.045248598183228864
3 0.7642650242422206 0.5215428678487524 0.041519642065139806 0.0453761439408634
