3 0.825 0.8421875 0.2578125 0.1890625
3 0.4828125 0.7609375 0.246875 0.228125
3 0.2109375 0.684375 0.2296875 0.1984375
3 0.7203125 0.5984375 0.1890625 0.1703125
3 0.8046875 0.428125 0.1546875 0.1359375
3 0.584375 0.321875 0.1328125 0.1109375
3 0.465625 0.365625 0.071875 0.1203125
3 0.70625 0.2390625 0.125 0.103125
3 0.5125 0.24375 0.13125 0.09375
3 0.3578125 0.1890625 0.103125 0.0765625
3 0.4640625 0.109375 0.096875 0.0765625
3 0.5703125 0.0984375 0.0890625 0.071875
3 0.3390625 0.0859375 0.0875 0.05625
3 0.3 0.4203125 0.278125 0.3546875
