3 0.9257973471947707 0.5289707815271673 0.1225113251355733 0.11008404800821019
3 0.8977365005891752 0.3838264531701402 0.10833065046753809 0.0896897347764936
3 0.8795046510567135 0.2948730374790956 0.07693520472226431 0.0645079275949012
3 0.859464861829102 0.24811621214713062 0.06121021077238851 0.04722952400410509
3 0.8111864431129951 0.22105426327859878 0.06903180113146803 0.04883747579950315
3 0.8801137051150476 0.19018553747909558 0.06278180113146803 0.048801114363184704
3 0.7865636930147994 0.15635595902387267 0.05019998789975162 0.03466589149054777
3 0.7162648285534188 0.15442127518245546 0.04238748789975162 0.03462043969514968
3 0.7499903887600732 0.13156958246224368 0.03453862646343318 0.028324987899751575
3 0.685128458041914 0.1350718323640478 0.029832945745273776 0.025172716822512698
3 0.788371632709949 0.11415936866479304 0.03293976502711473 0.022065897540672008
3 0.7282017471713297 0.11685309748935832 0.03293067466803503 0.020503397540671965
3 0.5810837691323313 0.6965956605246831 0.24985559601642038 0.24519536709365913
3 0.2296116518422803 0.8173864461380573 0.2781624031980128 0.27660899355709245
3 0.12214913066684559 0.7578574309145509 0.2286260115110732 0.3560056020665446
3 0.21415988954564016 0.6534193949083933 0.08819086729005096 0.11925906010845858
3 0.3803979679026672 0.6813575216664141 0.14762949980360834 0.13054199375348396
3 0.2588411304704539 0.6273790696746243 0.10997496369925477 0.1037613251355733
3 0.33573997375639975 0.5691211420797229 0.12713519262201595 0.09917381908544912
3 0.34625983811958444 0.5065620547457055 0.1286795119038567 0.09605790944452863
3 0.4918717990883647 0.5885246061717612 0.13502041549465282 0.11171927088084707
3 0.6733354225267357 0.5507513745185255 0.14603063836728972 0.12428290339440444
3 0.4915041604264873 0.5174354013513011 0.1333488311856975 0.09296018052176755
3 0.6973910669441497 0.4443650191323313 0.10361587939029934 0.08497496369925486
3 0.41062686514875163 0.45384560002344115 0.11141019867214012 0.08189541549465282
3 0.448354124125742 0.4145649314055303 0.08948065651766228 0.0723931504675381
3 0.5567297055078313 0.45143315144949686 0.10519656010845857 0.08810905405833439
3 0.572668322896078 0.39743599785870065 0.07384656615858276 0.07073974687674198
3 0.7056399041799714 0.36931956733693316 0.07227497579950323 0.06916815651766237
3 0.70825181977282 0.32321218179831374 0.061246572208706954 0.05347952400410509
3 0.6990540817748727 0.29279797395279145 0.0675329336450254 0.059765885440423536
3 0.5924222866935287 0.35904111837020547 0.07707156010845857 0.08794542759490129
3 0.4665910397185907 0.3683666422761147 0.08006929508134383 0.06608860831306052
3 0.48004500654110355 0.33860187422393795 0.0675420240041051 0.06132838544042354
3 0.6765569130587659 0.2655860341594459 0.058085210772388506 0.047211343285945874
3 0.6837063377268009 0.2452326275435876 0.059656801131468026 0.048782933645025485
3 0.5055358859314029 0.25408142847866405 0.06122839149054773 0.050354524004105096
3 0.6511710936787294 0.19776727508425962 0.047120439695149584 0.042460210772388506
3 0.49018359670379147 0.20729733206946022 0.0660886083130606 0.08006929508134393
