3 0.7254798482559155 0.7832885687437117 0.15245335518980258 0.1593006986308559
3 0.8372980713249442 0.6706850924697079 0.14451359016268803 0.13710736364988402
3 0.48956455327276743 0.6432379358164557 0.1037522347764936 0.11201452174882984
3 0.5594770774732643 0.5773529506452034 0.09113406010845856 0.09119268577927464
3 0.36388329722264323 0.6553002426228073 0.1179874515990063 0.14227502471457926
3 0.4139736799325924 0.538619419999125 0.06438975292686636 0.058860346843970034
3 0.5425844932625047 0.49309069718516235 0.05183521077238851 0.04897601087441501
3 0.295064598648699 0.5064369782883512 0.048673849336070066 0.04259867688202625
3 0.3135691589535493 0.4650134822426839 0.04394089754067201 0.034595175893442943
3 0.329012351771957 0.43440015220462785 0.034538626463433086 0.029525673916276675
3 0.20038335772388532 0.4768038750185905 0.03927157825883114 0.03752917490485981
3 0.23152427341492993 0.45932721494247836 0.0376818071815924 0.03277800790866543
3 0.2649362162333376 0.42944605536065783 0.031386355386194255 0.024710839923887916
3 0.17216290895354933 0.45925161908709156 0.03141362646343313 0.029398339923887917
3 0.130394607232906 0.7980939431936485 0.23329533079291398 0.3609852154367699
3 0.6030861769075303 0.5549168765386463 0.034720433645025396 0.060775673916276675
3 0.5536447131100796 0.5146301161585229 0.031504530054229284 0.04502333992388792
3 0.41980097823539014 0.4662178379839025 0.020521578258831143 0.036765170950527094
3 0.2977305355151783 0.42765806228073994 0.012627265027114642 0.022384335969555025
3 0.16724814997655887 0.4199981180985083 0.02668976502711464 0.022957338935304605
3 0.20546576746300155 0.41062045950527093 0.02668976502711464 0.022957338935304605
