3 0.24561215520755839 0.7246370725920942 0.1513953567298018 0.11863489258219673
3 0.49270998969423874 0.7171676520815934 0.03721083992388792 0.03313340456798421
3 0.40450965273610046 0.7045658327688595 0.029207338935304604 0.028036468792335612
3 0.4531381537246837 0.7067148309598372 0.01619800296574958 0.014881371551297562
3 0.420852235739906 0.7021435176399972 0.01619800296574958 0.014881371551297562
3 0.430227235739906 0.7016521947092187 0.011319501977166269 0.009948210085908116
3 0.44597956973229486 0.7039583231579212 0.009820668973360824 0.011428822930778538
3 0.47254206973229484 0.7025662415207153 0.01976867193911023 0.025982645861557074
3 0.5941279096561827 0.7275109305757244 0.024201503954332716 0.019978307326946165
3 0.5498367401885303 0.7165225209193575 0.016261669961943958 0.016443871551297562
3 0.5356787396942387 0.7149157553155252 0.025764003954332537 0.020060194482076098
