3 0.6015625 0.7359375 0.2140625 0.2140625
3 0.546875 0.425 0.13125 0.13125
3 0.7109375 0.396875 0.1171875 0.1078125
3 0.68125 0.28125 0.096875 0.0796875
3 0.534375 0.2875 0.0828125 0.075
3 0.421875 0.20625 0.059375 0.0515625
3 0.51875 0.1734375 0.059375 0.065625
3 0.58125 0.1515625 0.0546875 0.0375
3 0.58125 0.115625 0.0421875 0.034375
3 0.4421875 0.165625 0.046875 0.040625
3 0.0390625 0.2625 0.078125 0.0953125
3 0.1296875 0.20625 0.0609375 0.0625
3 0.953125 0.290625 0.09375 0.0875
3 0.8953125 0.25 0.0765625 0.0546875
3 0.8515625 0.2125 0.0625 0.0578125
3 0.1734375 0.384375 0.046875 0.096875
