3 0.703125 0.7203125 0.159375 0.140625
3 0.4171875 0.775 0.153125 0.115625
3 0.1984375 0.721875 0.1546875 0.1296875
3 0.459375 0.6125 0.125 0.1109375
3 0.6765625 0.5921875 0.1265625 0.1140625
3 0.2890625 0.565625 0.1203125 0.1109375
3 0.090625 0.378125 0.075 0.053125
3 0.6265625 0.49375 0.0953125 0.0765625
3 0.446875 0.525 0.0953125 0.0734375
3 0.4515625 0.4484375 0.0828125 0.065625
3 0.334375 0.4140625 0.06875 0.05625
3 0.5859375 0.384375 0.0640625 0.053125
3 0.6015625 0.4296875 0.06875 0.0625
3 0.3546875 0.378125 0.0609375 0.053125
3 0.471875 0.36875 0.071875 0.0890625
3 0.23125 0.271875 0.040625 0.046875
3 0.56875 0.334375 0.0515625 0.053125
3 0.9203125 0.3078125 0.0484375 0.0390625
3 0.3828125 0.3015625 0.05 0.0453125
3 0.8359375 0.2625 0.0421875 0.03125
3 0.896875 0.253125 0.05 0.0515625
3 0.5265625 0.346875 0.0234375 0.0546875
3 0.6765625 0.2171875 0.0296875 0.0265625
3 0.7953125 0.2046875 0.0296875 0.028125
3 0.9296875 0.2453125 0.0296875 0.0296875
