3 0.9234375 0.284375 0.0609375 0.1328125
3 0.8234375 0.2140625 0.053125 0.09375
3 0.746875 0.3203125 0.0671875 0.1453125
3 0.5921875 0.3328125 0.0609375 0.1375
3 0.6671875 0.4546875 0.075 0.165625
3 0.478125 0.484375 0.0828125 0.1671875
3 0.490625 0.6703125 0.09375 0.2265625
3 0.6421875 0.7953125 0.1296875 0.0765625
3 0.3046875 0.2265625 0.0484375 0.109375
3 0.0875 0.2953125 0.059375 0.1359375
3 0.0375 0.2578125 0.059375 0.1234375
3 0.05625 0.1984375 0.053125 0.0609375
3 0.1828125 0.190625 0.040625 0.046875
3 0.2671875 0.2 0.0390625 0.0640625
3 0.325 0.184375 0.0390625 0.034375
