3 0.8985874731165826 0.7195820129975639 0.20282505376683488 0.17672122303829668
3 0.6510961588057776 0.6103018342190895 0.1380522717116218 0.12334138939893542
3 0.7452592276646965 0.527330224366931 0.1521875463187275 0.1260518012176462
3 0.9502323251643612 0.4046587725404615 0.09953534967127772 0.0798784318225902
3 0.9412159288647697 0.35684302587444144 0.11413958271265798 0.07780574879205204
3 0.8026821217926751 0.39638337118273237 0.09851458271265763 0.07653029121570665
3 0.6074616670779454 0.43114036376586656 0.07256851282028158 0.05417705909355419
3 0.6645635376322752 0.39432614785457143 0.08067211124870503 0.061064787881726715
3 0.2617468684829061 0.7032533193853577 0.19983314185166687 0.24668303667377883
3 0.4302549658778722 0.6000970131667417 0.10251287799792799 0.09553538273097573
3 0.23337781182509634 0.5824464828710586 0.10541955417661039 0.0911029742462448
3 0.4183478172017798 0.4959834690760971 0.0944820541766104 0.09021015394280311
3 0.25083283146980345 0.5025996151429923 0.06461046360606985 0.05041433030538141
3 0.2478148393276863 0.4714771609006269 0.07413101282028159 0.05430460485118864
3 0.10655629259467395 0.5198663477241869 0.05977741439185817 0.046906693032477874
3 0.4468131114535928 0.41680628104458917 0.06417381596343467 0.041039330305381407
3 0.47864315425766374 0.39303407013426384 0.07696491439185812 0.048309696366457724
3 0.37143212179267504 0.4315860002898641 0.07383991439185814 0.04805460485118864
3 0.35251730190029884 0.41274027650266126 0.04974744292790545 0.03207891848667046
3 0.2766461606678045 0.43383376862675344 0.04698631596343468 0.039636326971401556
3 0.2350044702210984 0.4489962540828859 0.06410104135632881 0.039476830305381405
3 0.18638503370333379 0.44904392256955655 0.05450771753501131 0.034024055759574165
3 0.1309162837033338 0.4535717969655826 0.04669521753501131 0.03338632697140156
