3 0.8808063489385187 0.6269934422794274 0.11560506784239592 0.09358285672980174
3 0.8850888144514938 0.4705842747889415 0.0747410504295413 0.0576161818249421
3 0.7174885566495777 0.45670882269804436 0.06840916327441153 0.05579901384016459
3 0.6240351277713339 0.4920468034206724 0.06372166327441171 0.055608012851581276
3 0.6129172433297377 0.4203482169568257 0.04571529172311415 0.03928267589344294
3 0.7084621166900575 0.36004206973229486 0.0372476944820761 0.026464340912471053
3 0.6038598258714545 0.36908946448536784 0.034204581637205675 0.027899506920082206
3 0.5601507694490195 0.3665255385919249 0.034532130257724704 0.0341495069200823
3 0.5351850689740496 0.33497444965662015 0.023021420171816586 0.02276633794672147
3 0.5897873597926525 0.32388971102532665 0.025900758706427142 0.018206171939110227
3 0.5456246019907364 0.3150439516337865 0.01956887155129756 0.016389003954332716
3 0.5818487070336905 0.3110395425462576 0.016443871551297562 0.016261669961943958
3 0.1402555127787571 0.7447898710642578 0.1493935696514182 0.14329369665368966
3 0.38002842096478606 0.6214637534972222 0.10540455223856356 0.10719968775644109
3 0.037024207938201686 0.5631976783649009 0.07404841587640337 0.0756313527754692
3 0.20011294889309011 0.5139192144481868 0.08164614767057934 0.07037084980971961
3 0.4537569272963641 0.4545746838392894 0.05401911465389268 0.04897601087441501
3 0.20803166949444796 0.4375158819386728 0.052129066033373486 0.04266234387822045
3 0.26891825983808104 0.3961533942959624 0.040700243102595034 0.032841674904859806
3 0.3144797433297376 0.40818782068369697 0.042590291723113974 0.039155341901054186
3 0.3968761635015542 0.3896235044858053 0.042672178878243816 0.04071784190105419
3 0.4569881478977219 0.3779803503411922 0.03436835594746519 0.031024506920082205
3 0.32553343000989754 0.3765385726608633 0.034204581637205855 0.027899506920082296
3 0.32178431026762233 0.343503238174183 0.023021420171816586 0.02276633794672147
3 0.4005677295349277 0.3490621714819997 0.027790807326946342 0.024519838935304607
3 0.45208264190482816 0.32219326536022025 0.022939533016686654 0.021203837946721472
3 0.4469790620766447 0.3000635973754427 0.014471935775648781 0.008385502965749492
3 0.3707540767759657 0.3353206650562091 0.022857645861556985 0.01964133794672147
3 0.41277448043943893 0.3252890904553604 0.02450203301668665 0.02126750494291585
3 0.34077664970674426 0.32470415863041846 0.024665807326946343 0.02439250494291585
3 0.4142108276804769 0.3128209239534577 0.01956887155129756 0.016389003954332716
3 0.39274526345612565 0.30411708600673615 0.016443871551297562 0.016261669961943958
3 0.2907014066041492 0.35398048174839236 0.04669793758467104 0.058032675893442943
