3 0.32984778019318634 0.6171875 0.1686901497095498 0.2
3 0.07654742163056846 0.56796875 0.15309484326113693 0.1953125
3 0.2681462626153938 0.3484375 0.11588617328319835 0.10625
3 0.377108193756475 0.2734375 0.08147263192686945 0.071875
3 0.23910092555950987 0.25078125 0.0862329065339753 0.0734375
3 0.7068041941707597 0.42421875 0.1320205955329392 0.1171875
3 0.8557489623677249 0.446875 0.13441784946188093 0.1015625
3 0.9040473753118409 0.34921875 0.10683650496239885 0.0796875
3 0.7788119348651348 0.3375 0.09397263192686936 0.071875
3 0.8297965461138398 0.2828125 0.07129711124870504 0.0546875
3 0.943514443756475 0.2734375 0.07754711124870503 0.0546875
3 0.6989703852366383 0.18984375 0.04444351282028158 0.0484375
3 0.6352353709686147 0.1828125 0.041172963606069854 0.0453125
3 0.40671011062953244 0.19140625 0.06548375889134021 0.0640625
3 0.5018599447899323 0.178125 0.05610875889134022 0.0640625
3 0.45861936703967326 0.1671875 0.04564213978475227 0.040625
3 0.4229558488427082 0.14453125 0.04393409057054054 0.0375
3 0.353771355252849 0.1203125 0.03902826674922295 0.0328125
3 0.34641046546809673 0.1609375 0.05865156203449331 0.0515625
3 0.14915662985995484 0.11875 0.07874573821317572 0.046875
