3 0.4859375 0.5671875 0.0703125 0.109375
3 0.4859375 0.475 0.0703125 0.0890625
3 0.3046875 0.50625 0.090625 0.14375
3 0.1359375 0.5875 0.1328125 0.128125
3 0.2640625 0.40625 0.053125 0.0546875
3 0.3515625 0.3734375 0.0359375 0.040625
3 0.4140625 0.3203125 0.034375 0.0296875
3 0.240625 0.3078125 0.0296875 0.03125
3 0.28125 0.3453125 0.0328125 0.0421875
3 0.34375 0.33125 0.03125 0.040625
3 0.2859375 0.3046875 0.0265625 0.025
3 0.296875 0.278125 0.0234375 0.021875
3 0.3421875 0.30625 0.0296875 0.0265625
3 0.3828125 0.278125 0.0234375 0.0203125
3 0.3671875 0.2609375 0.0203125 0.0171875
3 0.334375 0.2765625 0.0234375 0.0203125
3 0.328125 0.259375 0.0171875 0.01875
3 0.35625 0.2484375 0.01875 0.015625
3 0.31875 0.2359375 0.0140625 0.0171875
3 0.3421875 0.23125 0.0140625 0.0125
3 0.4703125 0.4 0.0796875 0.090625
3 0.9015625 0.475 0.196875 0.1890625
3 0.2328125 0.4640625 0.028125 0.053125
3 0.315625 0.3328125 0.0140625 0.028125
