3 0.8612562247039055 0.5459848873935897 0.13051813942190052 0.12401106909549373
3 0.18333582470854978 0.790768908025689 0.20878669461070407 0.21425317394668236
3 0.5237660348670862 0.45955201937565954 0.09233105518880329 0.0913900166698994
3 0.3979731294731458 0.48003947574405686 0.09881785352912935 0.09502519970043757
3 0.5225443091374955 0.3189429948298523 0.043466580083912555 0.04081618969849794
3 0.5875414244894795 0.2845522772515673 0.03518048340326061 0.03392846091032524
3 0.5943591869370343 0.26041327558457733 0.023414189212119397 0.022098140606883553
3 0.6623395923309745 0.24464501224865778 0.023058991701630303 0.017410640606883465
3 0.7322968948204854 0.2342179531551037 0.024858290041956367 0.020663186364518006
3 0.6945600964801594 0.23415405133833253 0.021496491701630305 0.017283094849248927
3 0.7909391116270064 0.29231762451671217 0.019437084233097403 0.031090503333979846
