3 0.7834795357788857 0.5707594059957785 0.4330409284422284 0.4361305469315237
3 0.787857951495017 0.3587144323041377 0.42428409700996605 0.2956273732963527
3 0.5942761358711708 0.20612630055057993 0.1615568661314139 0.09191302616718486
3 0.3297828392949434 0.22702044240395836 0.14619268198597285 0.07078147881213823
3 0.15753520434662327 0.34134679486538505 0.18919980721668553 0.15890310509226263
3 0.4597776272332975 0.3833397898860619 0.302479859653009 0.22621097340929214
3 0.44909735039682686 0.5470683609186319 0.4188639281284615 0.34195634172632144
3 0.18656826958287326 0.5129564843561588 0.2960691733480995 0.2476309471009328
3 0.055310172729790684 0.42258065528990674 0.06556204811738686 0.14858868942018652
3 0.09571752236065043 0.28221398954724347 0.15987325262089364 0.13851501038216937
