3 0.3359375 0.5953125 0.0734375 0.090625
3 0.3734375 0.4515625 0.04375 0.0421875
3 0.3015625 0.43125 0.040625 0.0453125
3 0.18125 0.3828125 0.0296875 0.0171875
3 0.2234375 0.378125 0.028125 0.01875
3 0.29375 0.3734375 0.0265625 0.0171875
3 0.30625 0.365625 0.021875 0.0171875
3 0.3640625 0.3875 0.028125 0.0234375
3 0.3921875 0.3765625 0.0234375 0.01875
3 0.353125 0.3640625 0.025 0.015625
3 0.3921875 0.3609375 0.021875 0.0140625
3 0.4640625 0.353125 0.0203125 0.0109375
3 0.5125 0.3421875 0.0203125 0.021875
3 0.5390625 0.34375 0.0125 0.00625
3 0.559375 0.34375 0.0109375 0.00625
3 0.875 0.625 0.1234375 0.1015625
3 0.9671875 0.3921875 0.05 0.0234375
3 0.9109375 0.3921875 0.059375 0.0203125
3 0.746875 0.390625 0.046875 0.0171875
3 0.6703125 0.3921875 0.0578125 0.01875
3 0.6046875 0.3984375 0.0421875 0.021875
3 0.565625 0.409375 0.0296875 0.021875
3 0.7203125 0.4859375 0.05625 0.0359375
3 0.66875 0.4609375 0.0515625 0.03125
3 0.634375 0.44375 0.04375 0.028125
3 0.6203125 0.4296875 0.040625 0.0296875
3 0.5453125 0.440625 0.04375 0.034375
3 0.5875 0.4171875 0.0375 0.028125
3 0.578125 0.4 0.0265625 0.015625
3 0.5859375 0.35625 0.015625 0.0125
3 0.5890625 0.35 0.0140625 0.0109375
3 0.6234375 0.3484375 0.0125 0.009375
