3 0.45014184237373983 0.9450222570867581 0.13347774122451134 0.08114585099579194
3 0.48769331815884504 0.8882985419331485 0.14324519780928674 0.14860616950744615
3 0.495503469649913 0.8076388189749905 0.12992684389007855 0.12004465988879928
3 0.36708896463534807 0.7684176062684515 0.13515991316955062 0.13895835099579196
3 0.5547851929277356 0.7283034938399142 0.1029551669304741 0.10505457694917482
3 0.4353879867386719 0.647403212621721 0.08821070533113406 0.08112600362819702
3 0.5855698431651626 0.6359150971979588 0.09643238229073817 0.0954613221398514
3 0.46921506895026777 0.5845659067239384 0.07525606426490725 0.06506449400955017
3 0.5728030702039091 0.5918749205189365 0.08168792069139812 0.07153274881887359
3 0.5627521202830513 0.5617881164352525 0.0704321719450391 0.060213302902557685
3 0.573377383215175 0.5184919842212674 0.05931281551854859 0.0535813569862416
3 0.5630991127612038 0.4962176801375834 0.04810253087881229 0.0438244110699257
3 0.5824856102539214 0.4736879157096131 0.04796613855894431 0.039136911069925694
3 0.6028352141731297 0.44488086943047733 0.03840928213245363 0.03255952885594056
3 0.6555510372135256 0.4570882035512283 0.04488660266556703 0.04059028366526398
3 0.606133710412206 0.4119865238769811 0.035466138558944496 0.03870040145127884
3 0.6125655668386967 0.40551826906765764 0.04198892319868044 0.048293656260602266
3 0.6486310989711503 0.37304058576521343 0.019159176959604098 0.014717264427970278
3 0.670468995051942 0.400374412081416 0.035329746239076344 0.034012901451278846
3 0.5900086052393565 0.4297196609002897 0.030596782132453627 0.032286710344286186
