3 0.5787061018791947 0.9642051186461501 0.221602762324472 0.07158976270769983
3 0.5533143554972393 0.8948800022952097 0.2301389586155702 0.20548395182646964
3 0.1777477894638658 0.905021566220556 0.25350121551297516 0.17627468394862192
3 0.2968264173467414 0.7287935192549734 0.21516905585660825 0.21670849425012406
3 0.6039672099743666 0.6918824191148903 0.15704229534115868 0.14661939273291544
3 0.6105657700148464 0.595916214872525 0.14471271370395283 0.11916407242947358
3 0.3555230659218319 0.6417875978933647 0.1708591338757694 0.14307980455162622
3 0.37906346449692235 0.5519118969849792 0.1465208751693421 0.12397911818710802
3 0.40268907225341 0.4753812189554109 0.1277775192218769 0.09288861485312835
3 0.5474936391912946 0.42208036002133636 0.10606629353213641 0.09422797424624481
3 0.5099670629811558 0.29975907880756936 0.07029921189493056 0.06485946757828502
3 0.6426943537997587 0.29725544532768755 0.06347600180902227 0.053411784547746866
3 0.5490671845324533 0.2872589498696155 0.0604328889641522 0.054719193032477784
3 0.6400130891004376 0.258591558054784 0.05369156603337366 0.04483401000193972
3 0.7102813234966054 0.2502048442695208 0.03946529172311397 0.04056109818322886
3 0.9739543198785607 0.36901771458266086 0.024413501809022263 0.05022314060688356
3 0.9581898790145293 0.2955483926122292 0.058624727498762755 0.04990414727484325
