3 0.3438908135147958 0.7977163790957118 0.31119156001163806 0.31103853571157
3 0.5047017992607923 0.49098563182618626 0.19394067394668238 0.19478630093507637
3 0.8114935463858544 0.5950656404103933 0.2566318636451804 0.23575673458010193
3 0.6583691910756239 0.4028594388113869 0.1473210233378591 0.1211124515990063
3 0.26084048683325833 0.40210844242562416 0.17263975879399168 0.16342721662612103
3 0.4397630991013127 0.2789896258742579 0.1205034318225902 0.11783291549465283
3 0.4085293324314133 0.19291122530852384 0.11661315727678297 0.1084397347764936
3 0.25417654334173856 0.22481014422102227 0.12729556576151388 0.10537836729005097
3 0.26262651425400346 0.30919423458010187 0.1554205657615139 0.10554199375348405
3 0.3841832945496866 0.11468168617910826 0.10334788273097573 0.09899201190385667
3 0.26694799712506206 0.10384820442767673 0.10127519970043757 0.09273292154477705
3 0.4908000853063513 0.09109471613514168 0.07955969636645772 0.07542724687674203
3 0.5984367263722767 0.23306002321853816 0.2122441348570076 0.22768970452587264
