3 0.20625 0.6296875 0.4109375 0.30625
3 0.28125 0.4421875 0.05625 0.0359375
3 0.253125 0.51875 0.10625 0.06875
3 0.228125 0.4125 0.0453125 0.0265625
3 0.1765625 0.396875 0.03125 0.021875
3 0.090625 0.3859375 0.0484375 0.0203125
3 0.0171875 0.390625 0.0328125 0.021875
3 0.028125 0.3765625 0.03125 0.021875
3 0.05 0.3703125 0.028125 0.01875
3 0.178125 0.3859375 0.065625 0.0203125
3 0.428125 0.3796875 0.0546875 0.0203125
3 0.8421875 0.540625 0.1375 0.0765625
3 0.6203125 0.55 0.20625 0.125
3 0.7796875 0.475 0.0703125 0.0421875
3 0.928125 0.503125 0.071875 0.0515625
3 0.9453125 0.4578125 0.09375 0.05625
3 0.84375 0.425 0.0578125 0.0296875
3 0.7140625 0.45625 0.0734375 0.034375
3 0.7609375 0.4203125 0.0625 0.028125
3 0.5078125 0.4375 0.0578125 0.03125
3 0.48125 0.4203125 0.0546875 0.03125
3 0.5078125 0.4046875 0.0390625 0.025
3 0.5703125 0.41875 0.053125 0.03125
3 0.5546875 0.390625 0.0515625 0.0203125
3 0.5953125 0.403125 0.0453125 0.0265625
3 0.64375 0.4140625 0.05 0.028125
3 0.7140625 0.4109375 0.05625 0.0265625
3 0.7359375 0.3953125 0.0359375 0.0203125
3 0.6765625 0.4078125 0.0328125 0.0234375
3 0.8234375 0.3734375 0.046875 0.01875
3 0.7859375 0.38125 0.0375 0.01875
3 0.753125 0.3765625 0.040625 0.01875
3 0.684375 0.3828125 0.0421875 0.021875
3 0.90625 0.3640625 0.0515625 0.01875
3 0.9609375 0.3625 0.0515625 0.01875
