3 0.22130991671281103 0.7348934420901143 0.3295825801956448 0.2641488893760087
3 0.788464743207828 0.8795937549052413 0.4172222825396833 0.24081249018951745
3 0.7368545735603563 0.781832324176656 0.3582478007382804 0.2988188203182581
3 0.09986240669066174 0.3810803912175941 0.15386308451458142 0.16786447921687958
3 0.1245841995662613 0.26925773441265977 0.18984015730897058 0.19526821337743777
3 0.389325424889259 0.4075436102950151 0.20855058451458142 0.17168860174504025
3 0.3507902583241063 0.5829535196978396 0.2606533050572171 0.2079974423422158
3 0.695732518503139 0.5891860022689139 0.27914248920265833 0.229511809422495
3 0.7760918445367307 0.5566955663829859 0.22637843460686646 0.20715620818165767
3 0.7209456647102263 0.44862098642947207 0.2488146391103733 0.1931701178365838
3 0.442762503082319 0.3311721344323302 0.18817752775932134 0.19359645273377613
3 0.2094913232558145 0.21064184110137862 0.15791023442229637 0.13392652179152656
3 0.10694970928386878 0.07903157215984365 0.11315893892580316 0.11524222376899798
3 0.2591420673957183 0.14800508330770848 0.14687260487264703 0.13159919728589445
3 0.3044953377537839 0.11540003293939138 0.15196062307124433 0.13817697921687966
3 0.46326716532853507 0.23849831537457966 0.16239747532299767 0.1311293037225118
3 0.5103541139719457 0.1601272969372478 0.13307092072720578 0.11041261213660052
3 0.7271479950627545 0.32694808222242766 0.15484579117755662 0.11037976114786482
3 0.7289737060446664 0.18552540672805984 0.12395673658176456 0.0895538089182919
