3 0.2170583833961733 0.8630623685927998 0.1480874314570917 0.1338550296574951
3 0.2902397362105359 0.674312886387297 0.09655575256024881 0.07875635277546919
3 0.46363246260359975 0.6003209239534577 0.0801117052052021 0.06405718281352506
3 0.5475986679499762 0.516449942736538 0.057144642065139806 0.044415844866803764
3 0.4438520416698518 0.4748115879839025 0.04749662628012441 0.03934634288963732
3 0.5152874259130711 0.4434289368050389 0.04079159997176518 0.031279174904859805
3 0.3806394101280556 0.43326607513232124 0.034814615756780666 0.03571200692008212
3 0.44958683120297777 0.41269358996106886 0.039411110495108835 0.03434050790866543
3 0.3950967522779001 0.38709141209045955 0.03105257892507769 0.024647172927693452
3 0.4412437101845253 0.37650142197629133 0.02314907366340595 0.02276633794672147
3 0.4866472154461972 0.37991026486592866 0.031052578925077866 0.024647172927693452
3 0.23746626280124375 0.38378604547482603 0.026456084186749607 0.026018671939110227
3 0.29015164704446306 0.3516393903416297 0.02314907366340595 0.02276633794672147
3 0.25080072070786896 0.37185904844057555 0.02627407366340586 0.022893671939110228
3 0.5455671891378379 0.37451711072131555 0.042702710466874017 0.06409167490485981
3 0.5173665944277446 0.34530977178601086 0.033252115756780755 0.03564833992388783
3 0.0659398732963526 0.40953150889724854 0.05694722099021767 0.06778967787060938
3 0.7764810730987085 0.6458031561961416 0.15505006299888785 0.1731085306460784
3 0.16311871018452528 0.3651686966536896 0.0552937157285458 0.06616351087441492
3 0.20099814178279124 0.3464478715585494 0.045008663111827295 0.05015650889724856
3 0.24254860495108832 0.33722938045579803 0.038303636803468065 0.04208934091247105
3 0.296235047072698 0.3222702253226017 0.025439615756780755 0.03533000494291585
3 0.41469662073610386 0.348920250037181 0.019751057878390377 0.017951503954332714
3 0.4509071365211194 0.3550720909496521 0.017915542093374804 0.013200336958138336
3 0.3261045575960416 0.32660489825029515 0.02002407366340595 0.022639003954332715
