3 0.42511368350560286 0.5164688014406037 0.3468721658814811 0.27462702739390893
3 0.8303759648912046 0.36391676097444015 0.2851144596609256 0.260634459757551
3 0.6032563902918063 0.3430993885734862 0.22343608294074038 0.14110228714217127
3 0.43353921258213035 0.3225887468765004 0.1567762632423147 0.10656042116548736
3 0.19796400607875086 0.42503127572030186 0.17642438190398124 0.13598781203728053
3 0.11608858096097299 0.3939840304941867 0.11220605702175908 0.09387024440092269
3 0.3063512874643525 0.2949750775851129 0.18355337672018504 0.12876730788809568
3 0.17748399368490803 0.29542720870864386 0.09494064458064803 0.07393625269929238
3 0.06338324599398222 0.37547175144989253 0.0891007476909258 0.07815015601864025
3 0.033204896324074376 0.3494662811188866 0.06640979264814875 0.08814046265733602
3 0.12707389057463025 0.3039034821538606 0.05070262902925915 0.04730197510489074
3 0.10156604264814875 0.30273206846155054 0.04675742280870363 0.037690176764564674
