3 0.6489956341665726 0.7058442099252005 0.06824144354388864 0.06817167984777565
3 0.633313262630184 0.598286377909978 0.030038814514629662 0.023021005931498983
3 0.6610479918949989 0.5657948714841873 0.02167951036759259 0.016452670950527094
3 0.6892611747884712 0.5387721150583967 0.01332020622055552 0.009884335969555024
3 0.6658236747884712 0.5397271200013126 0.016581907257314656 0.01157416996194378
3 0.6435290097554619 0.5178985409518397 0.009921804147036894 0.006632001977166268
3 0.40553001522208215 0.6114880093543592 0.036152113477870354 0.021713173916276675
3 0.32318569839837835 0.6650215276431478 0.06279252591898139 0.04148184585538672
3 0.31219011833235993 0.6199955291260226 0.043964613477870354 0.022031508897248565
3 0.5147102341193044 0.5599971521302658 0.03554652073518518 0.032587006920082116
