3 0.24517405415912757 0.7976159631465276 0.16740658525525037 0.12718336189159735
3 0.24915446799936602 0.6496869562126735 0.08748671189493056 0.06133884992375016
3 0.36861711894930577 0.5858946003049997 0.06536605042954129 0.05614220364722229
3 0.44830129692303833 0.5989017869503817 0.0670923247398008 0.059303571238402776
3 0.46423283412359667 0.5148352582650343 0.04061835594746519 0.030596689779513752
3 0.35909163274411565 0.523540070669722 0.03905585594746528 0.030560322188333443
3 0.43068667175369624 0.4866745438842358 0.027627033016686654 0.02093074905006951
3 0.6505487924004825 0.47295296352777727 0.040864017412854635 0.03528418977951393
3 0.6776092593837959 0.4519858468865272 0.040700243102595124 0.03215918977951393
3 0.5603398722286661 0.453150916225069 0.026146420171816585 0.022456881458888845
3 0.6105512341690252 0.42616953571611066 0.024420145861557073 0.019295513867708357
3 0.590405830505552 0.4149053806058676 0.016443871551297562 0.015988675911805573
3 0.47542928369405535 0.4598204499444094 0.018006371551297563 0.016025043502986235
3 0.4486620658062309 0.45653244899447876 0.018006371551297563 0.016025043502986235
3 0.42625147727162016 0.46174727906659696 0.017924484396167627 0.014462543502986236
