3 0.9144995070089464 0.650332459965768 0.08393898801421215 0.11366568511654282
3 0.10500616180407352 0.23293404028868592 0.06445200361804462 0.09894842068857254
3 0.4479128725673503 0.7050025355641806 0.16222111827193722 0.14915180653075488
3 0.2230390253263123 0.6846726442797026 0.16832063206674705 0.08697918874473984
3 0.31266369007106193 0.5645908119730503 0.17266065128862387 0.16979168874473985
3 0.5979671042499847 0.6517560283926044 0.1654280054270668 0.15082343393541642
3 0.11395287313317722 0.49292659918169335 0.18548819990914295 0.17647819836338668
3 0.4099304364530173 0.47128973447572137 0.14602290818602892 0.13766866950744613
3 0.3433394007227971 0.3761657182336526 0.14512214947960161 0.12048116950744614
3 0.6664670414959715 0.48570693165798173 0.14577724672063966 0.13298116950744615
3 0.9354749118040736 0.5475174840123852 0.12905017639185273 0.11713791469812271
3 0.9328357120642728 0.4264510158635507 0.13432857587145436 0.10620041469812272
3 0.7865062245580867 0.42517371414211935 0.13237648801421234 0.11535715988879928
3 0.678335198438805 0.3699281642347866 0.12062011646291496 0.09935021397248338
3 0.5620041915413999 0.39705860470880694 0.133775213703953 0.11228672359113023
3 0.4083945126631562 0.35270342558271395 0.135665262324472 0.118591287293461
3 0.5827460594746527 0.31668162394610067 0.11231629353213642 0.089702395460829
3 0.6858743815009202 0.30546636015110257 0.09628850180902226 0.05171132213985139
3 0.2598607581406004 0.2266443786706061 0.11749511646291486 0.09924108656782167
3 0.1703135792623566 0.18452631134007816 0.11100609905006031 0.06470239546082905
