3 0.2548539388127942 0.8031305356922787 0.2251742346647613 0.19735228714217143
3 0.5780511381923755 0.8535388130861877 0.21220434110137845 0.21191169461070417
3 0.6064703411782532 0.604367607277329 0.14591306956195355 0.13073162697434598
3 0.7944184554085407 0.6570935560372179 0.15078623986054146 0.1559684253146722
3 0.7562461020740164 0.5403195305174087 0.09975933540139544 0.09304145020978147
3 0.8753074585106339 0.533633667864717 0.08649451089576346 0.08115675684847723
3 0.8526290651993527 0.44238078321670093 0.07344820767745475 0.07239706348717298
3 0.9493894507169637 0.485055380522053 0.048338947033792934 0.06894017676456468
3 0.9319013019578009 0.43189449172485217 0.06665190445914604 0.06411096680652104
3 0.2691502936599277 0.47513559025638213 0.1422417663436449 0.1226823286340201
3 0.21853792448596168 0.3228617726200242 0.1059000747577337 0.0919525468904336
3 0.17242203117468058 0.22983290041956286 0.0993222928267485 0.08679145020978148
3 0.4436254057965282 0.36112340229366263 0.09932229282674854 0.08679145020978148
3 0.3603265867387777 0.32810814751977785 0.09252598960843983 0.07850535352912935
3 0.3602826640944015 0.2613467000092887 0.10099405347041027 0.0884723493799445
3 0.4376921160718729 0.31119425727268457 0.07737088317182242 0.061814760997662074
3 0.5440842277042703 0.33967630001393323 0.08115144703379293 0.07142655933798814
3 0.5933411825317334 0.3316279242889869 0.06599634059717552 0.05473596680652104
3 0.8223638669050521 0.8751932832167009 0.12172145273377595 0.18485044191141178
3 0.7684744063776059 0.9604945950302669 0.13305243664223276 0.07901080993946615
3 0.5857361321634162 0.2831428800978458 0.05295003737886681 0.0459762734452168
3 0.44956903922045227 0.2311991039533366 0.05295003737886681 0.0459762734452168
3 0.8424071132218813 0.39762439027031526 0.06174588317182241 0.06063076929603186
3 0.8157953367387776 0.36262150562229933 0.05985560124083733 0.05582487012586892
3 0.7851298447845495 0.34066307263395734 0.05327781930985207 0.050663773445216796
3 0.8855779590148369 0.3867586678647169 0.05160605866619043 0.04898287427505377
3 0.5002410285767904 0.23660957698363488 0.037794930942249394 0.029285680913749522
3 0.43598178662256226 0.2121055618367879 0.04793475544788173 0.040933575934727705
