3 0.6858088150784283 0.8192965496365717 0.14142495159900648 0.1448698439616777
3 0.395896366504484 0.6580536759375677 0.0926329275949012 0.08139384215265544
3 0.2543583062978295 0.6279866383983251 0.08164997579950324 0.07300813206674714
3 0.44593675223949514 0.5333712584792847 0.048692030054229285 0.04628850180902226
3 0.4535356288011242 0.49706194425493344 0.04397725897699036 0.041355340343632994
3 0.46589472823539013 0.4734982914959714 0.04082498789975162 0.03650406603337366
3 0.4447464360809124 0.4630178149017198 0.032985216822512695 0.0314071302577247
3 0.47040042105379776 0.4424939529613606 0.03293976502711473 0.0235946302577247
3 0.2930935533709633 0.573783817276569 0.07381020472226432 0.06791119629109836
3 0.5572191650036735 0.46422619007106186 0.037718168617910844 0.03946529172311415
3 0.6274862132082755 0.4600986120519007 0.06760565651766229 0.07539614767057934
