3 0.4546875 0.709375 0.128125 0.159375
3 0.65625 0.7078125 0.15 0.1671875
3 0.821875 0.625 0.14375 0.1359375
3 0.884375 0.7546875 0.1796875 0.0828125
3 0.628125 0.5484375 0.0953125 0.1015625
3 0.75 0.509375 0.1046875 0.08125
3 0.490625 0.5390625 0.0875 0.09375
3 0.33125 0.4578125 0.0953125 0.109375
3 0.415625 0.3484375 0.0484375 0.0484375
3 0.475 0.2875 0.03125 0.03125
3 0.4671875 0.25625 0.0203125 0.0203125
3 0.609375 0.4421875 0.0609375 0.065625
3 0.5109375 0.459375 0.0734375 0.0625
3 0.5140625 0.403125 0.0546875 0.046875
3 0.521875 0.3640625 0.0421875 0.0359375
3 0.7125 0.4359375 0.0765625 0.0609375
3 0.7015625 0.390625 0.0546875 0.040625
3 0.68125 0.3671875 0.0421875 0.0453125
3 0.6015625 0.3765625 0.0578125 0.05
3 0.53125 0.3375 0.040625 0.03125
3 0.5984375 0.346875 0.0421875 0.028125
3 0.665625 0.3359375 0.046875 0.0390625
3 0.5890625 0.328125 0.0359375 0.03125
3 0.6546875 0.315625 0.034375 0.0359375
3 0.59375 0.3078125 0.03125 0.028125
3 0.53125 0.315625 0.03125 0.028125
3 0.6421875 0.2984375 0.03125 0.0265625
3 0.8375 0.2578125 0.059375 0.034375
3 0.8921875 0.2578125 0.0609375 0.0359375
3 0.09375 0.590625 0.1859375 0.1453125
3 0.3671875 0.2875 0.0734375 0.0671875
3 0.4375 0.2703125 0.0328125 0.05
3 0.959375 0.2734375 0.08125 0.0421875
3 0.5046875 0.25 0.01875 0.015625
3 0.4828125 0.246875 0.01875 0.015625
3 0.590625 0.2859375 0.028125 0.0234375
3 0.634375 0.284375 0.0265625 0.0234375
3 0.540625 0.303125 0.0265625 0.0265625
3 0.540625 0.2875 0.0234375 0.01875
