3 0.8806091007767713 0.6622478461909868 0.08110714247680555 0.12948867694751698
3 0.6779016748649658 0.6501547694850558 0.07805487765916688 0.1325591298696164
3 0.6378384128971186 0.5742604711893391 0.06381053970326392 0.12450116801906326
3 0.5877091666968407 0.4688423141273246 0.047458187879652766 0.09297843262956
3 0.8597121064763545 0.5031728551194405 0.057160496200278035 0.10720457386326192
3 0.7789894365484727 0.5272473291448583 0.05556162860909737 0.10561480032431163
3 0.6852011093261462 0.42649908117345314 0.05665134992375016 0.08532957386326193
3 0.7518983000555906 0.43783995576806367 0.04727634992375016 0.08516593262955982
3 0.8003351468452087 0.40338708929112793 0.0519274823325695 0.08368525324641088
3 0.7690117584524656 0.3672001733006596 0.03750130642076392 0.06781479139585782
3 0.6445202515186115 0.3576496696472116 0.034303571238402775 0.06463524431795716
3 0.6653782653863198 0.3807326136408572 0.04091724715020835 0.08036933847375849
3 0.5893430954584378 0.4047252670494238 0.04364220364722229 0.06323638555165907
3 0.5678493019554518 0.38790595982525344 0.0345945119678472 0.07713524431795715
3 0.5799849728332642 0.3384553847441755 0.03568423328249999 0.056850017856907444
3 0.5892865844405211 0.3015593567409984 0.03535692496187508 0.042787517856907445
3 0.6205184006449308 0.3002326359619915 0.027398954597152782 0.03640115016215582
3 0.6939922682361114 0.30051327963132557 0.027217116641249994 0.028588650162155817
3 0.7476445983082295 0.32224222930701407 0.035793336056041625 0.06153751785690744
3 0.1375097981557296 0.5017107301144976 0.16119468597979178 0.14806712743398442
3 0.287525369109792 0.3654441732973643 0.10872299620027785 0.10810460064862308
3 0.24731663677722246 0.28329987500164766 0.07133079255305556 0.04497730925276535
