3 0.115625 0.4027220866740498 0.175 0.19090200956072395
3 0.37421875 0.8060122771410125 0.2078125 0.19925473010335965
3 0.61171875 0.8165444686877092 0.2265625 0.2223312846991515
3 0.50546875 0.48082940931155543 0.1890625 0.20274067550756775
3 0.1078125 0.16550268892580317 0.1 0.15953329117755652
3 0.41328125 0.18117176588224546 0.1359375 0.12902377081949093
3 0.7828125 0.3767274043743099 0.1640625 0.14332610271317875
3 0.9234375 0.6349578138427487 0.153125 0.16762519586563335
3 0.68203125 0.23823779842192866 0.1421875 0.11223678901808824
3 0.2390625 0.24656982109634615 0.0671875 0.11055557063492075
3 0.17265625 0.6774705652362499 0.1109375 0.19148419802510191
