3 0.20637215604741738 0.8490278101589517 0.17036553262324478 0.16041668874473985
3 0.04946019463934223 0.5919444525397379 0.09892038927868446 0.13388890507947587
3 0.6126314263133725 0.7669842135091471 0.20094437056996634 0.1833283990890262
3 0.8747122736516341 0.7096355380960693 0.20358920950527093 0.20994546279135698
3 0.43405278156029947 0.656694010336437 0.13927735870696817 0.1250049784004535
3 0.6232399569594509 0.6218354046161398 0.15684686068413445 0.134980179126093
3 0.712600887301518 0.5600199400955022 0.1342715237259963 0.11702878729346118
3 0.5729454796968639 0.5121131750345598 0.11695668973360754 0.11330358656782166
3 0.43737805281483777 0.5558854784852716 0.1019391847906915 0.08937501324684405
3 0.3533187292025723 0.5067907248570745 0.12502385771838495 0.11982640507947587
3 0.7253276748676788 0.38208591305366024 0.07834517589344295 0.04642362141421188
3 0.4152085755522507 0.4471453955456471 0.11752969269935694 0.12736608656782167
3 0.3143954920541535 0.4444072867453069 0.06460101087441483 0.05374504809323426
3 0.22574682752941713 0.43114090571244806 0.14230419961943913 0.1609970421027846
3 0.15700214471589194 0.5054117302145521 0.08280718281352514 0.07934524881887377
3 0.237713633841477 0.5598661064380875 0.09224584980971962 0.08123513103285873
3 0.10574073365119656 0.4770213461864685 0.0554170118629981 0.058105165879248945
3 0.14668141003893112 0.43229168874473983 0.050538510874414924 0.05325397477225664
3 0.0153080291260226 0.538400301088459 0.0306160582520452 0.04867560217691817
