3 0.5122067476029042 0.7649260372135255 0.47029123125410077 0.3195709832404455
3 0.7861748871287344 0.6230578198081976 0.4276502257425312 0.2827242011079919
3 0.7881830212917194 0.47374814159495227 0.3124548735357157 0.19949050079142266
3 0.44456567247058293 0.41022181683869674 0.3077673735357157 0.19935410847155471
3 0.08351276733738659 0.47547972162847 0.13595604053191016 0.19591555674305994
3 0.2732212075652856 0.5818109749936824 0.46604940022746144 0.33037209092057757
3 0.3748513972617119 0.292577327263538 0.2981377055509382 0.19283132383181867
3 0.8666443191822317 0.3180089554641481 0.26671136163553655 0.1719277904457238
3 0.9318322732317046 0.2659858027194387 0.13633545353659074 0.14954066191590937
3 0.48514029844057555 0.21584367953339362 0.2817487015966055 0.17362668276559184
3 0.15764003954332698 0.1831354457642226 0.19154019566510644 0.14291022868809905
3 0.1661926857792747 0.08589673291124116 0.17103669467652324 0.1376316953020042
