3 0.53125 0.75625 0.1859375 0.1625
3 0.821875 0.6796875 0.209375 0.1421875
3 0.8796875 0.565625 0.1984375 0.1265625
3 0.353125 0.65625 0.1703125 0.128125
3 0.4859375 0.61875 0.140625 0.1328125
3 0.6796875 0.565625 0.1390625 0.1015625
3 0.1125 0.6234375 0.1359375 0.1171875
3 0.0703125 0.53125 0.1046875 0.09375
3 0.04375 0.465625 0.0796875 0.0828125
3 0.253125 0.4515625 0.090625 0.0796875
3 0.36875 0.565625 0.134375 0.0953125
3 0.3265625 0.4921875 0.1296875 0.0984375
3 0.2328125 0.40625 0.0875 0.0671875
3 0.2015625 0.3828125 0.0765625 0.059375
3 0.1640625 0.35625 0.0578125 0.0578125
3 0.159375 0.321875 0.0625 0.0546875
3 0.575 0.5015625 0.134375 0.09375
3 0.5109375 0.4453125 0.1109375 0.1015625
3 0.446875 0.4234375 0.0953125 0.075
3 0.4 0.3828125 0.1 0.071875
3 0.3640625 0.35625 0.078125 0.0578125
3 0.328125 0.3390625 0.065625 0.05
3 0.6921875 0.4359375 0.11875 0.1296875
3 0.60625 0.4046875 0.09375 0.0703125
3 0.5125 0.3484375 0.0796875 0.05625
3 0.565625 0.2984375 0.075 0.05
3 0.671875 0.35 0.0875 0.059375
3 0.740625 0.321875 0.0671875 0.065625
3 0.675 0.2890625 0.065625 0.0625
3 0.8125 0.3546875 0.090625 0.071875
3 0.91875 0.3953125 0.128125 0.0984375
3 0.803125 0.4171875 0.1 0.0828125
3 0.86875 0.31875 0.090625 0.065625
3 0.1046875 0.334375 0.0265625 0.0640625
3 0.03125 0.4109375 0.0625 0.0546875
3 0.0203125 0.3703125 0.040625 0.04375
3 0.3109375 0.2890625 0.0953125 0.1125
3 0.278125 0.2625 0.0828125 0.1078125
3 0.45 0.2765625 0.0875 0.1015625
3 0.4828125 0.30625 0.0671875 0.084375
3 0.403125 0.2546875 0.0671875 0.0890625
