3 0.606656375106953 0.7012422557768577 0.12889559553293922 0.12581909084927717
3 0.6114594991759397 0.5981172557768578 0.18446069892376152 0.2153621920901143
3 0.41765384119422233 0.6295796952690821 0.16225605913900906 0.17331680372251182
3 0.259717216710951 0.5931226612444098 0.1304580955329393 0.1259283514929388
3 0.2810507152632089 0.536342783520469 0.10312930810555185 0.07418018119435103
3 0.34587950269059636 0.4819723577739997 0.13118584160399793 0.1415533514929388
3 0.4733281064957032 0.5376928440282448 0.0913570541766104 0.08893109604505725
3 0.5888118653870433 0.4657635776845998 0.06846320967712849 0.06552644703379293
3 0.5940858703494422 0.38596681704093816 0.08049232878371626 0.089728771539425
3 0.40765821877786557 0.3927734639585155 0.07856595574818695 0.08180701089576328
3 0.3626175465281246 0.4068248923028749 0.07514985731976358 0.07533848960843983
3 0.5002416710113959 0.4447023146951496 0.16229460049533806 0.20758254307885018
