3 0.07941862497575417 0.6491418828469573 0.13080320303441748 0.11363096878180681
3 0.23984542619340052 0.5074504345683886 0.05956618969849785 0.04258929328391083
3 0.29135999983082217 0.48104419119181063 0.05449605242559432 0.03773810217691818
3 0.32426809468007106 0.46182296523842775 0.04773586939505616 0.03126984736759475
3 0.3409772336199647 0.44908735226173624 0.0431759151526907 0.032668656260602266
3 0.4152757319529747 0.4603001599736173 0.04811850666795987 0.03595734736759475
3 0.37415639543867546 0.43614340815951885 0.03979582363742162 0.029434528855940556
3 0.3959516471056654 0.42828626814098536 0.031600686364518 0.024474210344286186
3 0.38356321740910715 0.416884976671173 0.02614791181871077 0.014935519237293703
3 0.35999817165147263 0.41762902113621025 0.040848140606883555 0.023239092558271324
3 0.2914394902879244 0.4128844682336526 0.055962957576345396 0.017534729581579887
3 0.2145581258938381 0.41411709681944064 0.048660640606883465 0.023511911069925694
3 0.010140983704553574 0.41579861479079006 0.02028196740910715 0.026800602176918174
3 0.37756817998642234 0.37515134445718795 0.016645366061076316 0.013045637023308566
3 0.3757346130169605 0.36881949890369164 0.014827774545807238 0.00986607332097771
3 0.40280729604749865 0.3634970818433162 0.011447683030538159 0.0066319459163159955
3 0.45156366044158497 0.3612823066155727 0.023660640606883554 0.022638891832631992
3 0.49942720453222955 0.37000503138782925 0.019770366061076315 0.013154764427970278
3 0.5711108858957777 0.37485871169504864 0.021460411818710768 0.014771828130301135
3 0.5712703825617979 0.3921007753973795 0.025095594849248927 0.021130955534962935
3 0.610763317259326 0.3785938361044855 0.024712957576345396 0.016443455534962848
3 0.5985025622583562 0.4040204220393349 0.03172823212215263 0.026036710344286184
3 0.5878682090741574 0.46711069908117686 0.0487562354561323 0.04376984736759475
3 0.6585951683174928 0.4452927519837345 0.04263378121376711 0.045114092558271326
3 0.6680018613499705 0.38764394309072714 0.029655549091614476 0.01973214664195542
3 0.6578296358957777 0.3778869971744111 0.024840503333980024 0.01800595553496285
3 0.7398130884711532 0.3909351233979465 0.029655549091614476 0.01973214664195542
3 0.7810280198347014 0.39472481150971417 0.03290809484924893 0.02140377404661713
3 0.6206014764929628 0.6131970145976063 0.09228283697334128 0.09982143992586626
