3 0.8010634286754638 0.2983586700542487 0.13930184389007855 0.11799779788867966
3 0.6004389545397112 0.2159667301177929 0.08168792069139794 0.07014095048646736
3 0.7983596289920329 0.17659276421005007 0.09593227711788863 0.07663641233702041
3 0.7831270855768082 0.10970527313850383 0.0718128155185486 0.05278980925276531
3 0.6383601548562804 0.09349171226088544 0.048102530878812465 0.043005706168510204
3 0.5650817792294598 0.08930481859155141 0.043142246239076344 0.033548885551659205
3 0.501042011282771 0.08964178368851536 0.040380959092057724 0.045994338473758486
3 0.7107579920824412 0.0742683794691698 0.06427310015828454 0.06202844155801359
3 0.34510293369002876 0.3500452698887977 0.10956887978345567 0.11591710064862308
3 0.18016459230723275 0.4903544444006826 0.1689726235152496 0.17161372158978558
3 0.0905290939565854 0.3505846067377031 0.11072220282385159 0.10188187418757347
3 0.25730873165759993 0.14699418222581806 0.04805706677218975 0.0414432061685102
3 0.32647626880461844 0.15828050974252791 0.04663095909205772 0.04610343262955987
3 0.3296156406705154 0.13089584943410243 0.04488660266556703 0.039826159090609534
3 0.6949989482715051 0.15965645455024768 0.06739810015828454 0.062082988635914306
