3 0.2875 0.3921875 0.165625 0.1515625
3 0.7734375 0.234375 0.0296875 0.0359375
3 0.33125 0.61875 0.115625 0.1125
3 0.2359375 0.5453125 0.0984375 0.0921875
3 0.4796875 0.346875 0.05 0.0578125
3 0.425 0.3421875 0.0390625 0.03125
3 0.578125 0.321875 0.0328125 0.0265625
3 0.6015625 0.2921875 0.028125 0.03125
3 0.5421875 0.296875 0.0296875 0.028125
3 0.48125 0.3078125 0.0296875 0.0296875
3 0.728125 0.3796875 0.040625 0.0359375
3 0.86875 0.35625 0.0453125 0.040625
3 0.721875 0.3171875 0.0328125 0.028125
3 0.76875 0.2984375 0.028125 0.0265625
3 0.85625 0.29375 0.028125 0.0234375
3 0.384375 0.43125 0.059375 0.0484375
