3 0.01456793800295251 0.5160335326623183 0.02913587600590502 0.08969884667409059
3 0.04830737816537335 0.5131170706556369 0.05656897748246605 0.07872498400699968
3 0.09488198951642539 0.5172591306492735 0.05666910703211538 0.08028748400699967
3 0.14405067474160074 0.5174676686425921 0.05510660703211538 0.08026930267345414
3 0.1961441008674774 0.5207648439688196 0.050118718383167414 0.07552725867281787
3 0.24294924969545822 0.5334915632956836 0.05696949568106326 0.08497498400699968
3 0.4004415746493157 0.5488336579408208 0.04709384793281668 0.07705339600572714
3 0.44457230645071844 0.5545654899347757 0.05384449568106327 0.08493862133990877
3 0.48547790870247176 0.5618961845958215 0.050519236581764736 0.08177725867281786
3 0.5279460109542251 0.5692086979233217 0.052181866131413915 0.0833579400063634
3 0.5682205575304525 0.5742047332511401 0.0485562183831675 0.07550907733927233
3 0.6138136597822059 0.5814808839115495 0.048656347932816854 0.07707157733927232
3 0.6627622995108882 0.5973053312380954 0.0633591980251019 0.11159202800763594
3 0.7031672540143948 0.612448525899141 0.05248225478036197 0.08804544000636341
3 0.7502227267164989 0.621268995226005 0.05354410703211539 0.08025112133990878
3 0.7991213016703564 0.6378746925525507 0.05696949568106326 0.08497498400699968
3 0.8436327652731619 0.6498474338797328 0.05540699568106326 0.08495680267345414
