3 0.9035340435431033 0.76328125 0.059901263242314685 0.0953125
3 0.6676546236091218 0.71796875 0.14788927879370348 0.11875
3 0.6533562606968992 0.58671875 0.11458876324231468 0.0953125
3 0.8342740700277325 0.57265625 0.11927626324231469 0.0953125
3 0.907847562534862 0.50859375 0.10119064458064812 0.0671875
3 0.7324859775678714 0.4859375 0.0975967528747221 0.0796875
3 0.868882098821436 0.45390625 0.08984304147037037 0.0625
3 0.9397509648912046 0.4296875 0.04968693317629622 0.05
3 0.9047505397734266 0.3921875 0.07298773213953709 0.0484375
3 0.7937836454756025 0.38359375 0.06320262902925933 0.04375
3 0.8397892125821305 0.3578125 0.0633393300660181 0.0453125
3 0.7166846117809268 0.434375 0.07978453628657398 0.0546875
3 0.5701021376999081 0.3953125 0.06531193317629622 0.05
3 0.6888227434020842 0.38671875 0.07353453628657398 0.0546875
3 0.7281483750232414 0.3390625 0.05341752591898139 0.0390625
3 0.7528940967951858 0.30625 0.04322231969842587 0.0296875
3 0.8082459781335192 0.334375 0.056815927992499834 0.0421875
3 0.6387735167291673 0.3515625 0.05484332488222208 0.0375
3 0.539046918802686 0.3484375 0.05525342799249984 0.0421875
3 0.6271422410930099 0.31484375 0.04363242280870381 0.034375
3 0.660608851978982 0.2984375 0.040234020735185186 0.03125
3 0.740843156126019 0.2921875 0.04152311866166656 0.028125
3 0.7215559139017136 0.28046875 0.03853481969842587 0.0296875
3 0.6939777180487505 0.27421875 0.034999716588148114 0.025
3 0.5937631045708802 0.29453125 0.04335902073518518 0.03125
3 0.5707452696038894 0.271875 0.03513641762490742 0.0265625
3 0.5453836846368987 0.24921875 0.02833961347787035 0.0203125
3 0.04138039835032466 0.66484375 0.08276079670064931 0.1140625
3 0.29147141536231597 0.5796875 0.11458876324231468 0.0953125
3 0.14105104179967695 0.53984375 0.11357306738935166 0.1015625
3 0.3360115187554176 0.49921875 0.09732335080120355 0.0765625
3 0.19227108067814908 0.48125 0.09392494872768502 0.0734375
3 0.3890476273323156 0.4109375 0.07537043836009252 0.0578125
3 0.2685785939204637 0.3859375 0.06544863421305554 0.0515625
3 0.10086412214851932 0.41875 0.0812882476909258 0.071875
3 0.03422572740321795 0.3984375 0.0684514548064359 0.0578125
3 0.03074640325129701 0.371875 0.06095662384546289 0.0359375
3 0.11449597813351917 0.334375 0.036776830066018465 0.0453125
3 0.17692762761513953 0.33515625 0.11175628916129603 0.134375
3 0.2955703208762044 0.3453125 0.05749943317629622 0.05
3 0.3829924084350933 0.3640625 0.05878853110277769 0.046875
3 0.3914685812437969 0.3296875 0.050565927992499926 0.0421875
3 0.3963706947216673 0.309375 0.044648118661666646 0.028125
3 0.3037730916113895 0.3140625 0.04193322177194432 0.0328125
3 0.2358337359092136 0.32265625 0.026991726955740702 0.040625
3 0.24114595249736168 0.29765625 0.03255822177194441 0.0328125
3 0.3269857076811579 0.28984375 0.04248002591898139 0.0390625
3 0.34011042426930604 0.26484375 0.035683221771944315 0.0328125
3 0.40627266649361166 0.2765625 0.03527311866166656 0.028125
3 0.40506148100824124 0.2546875 0.0317380155513888 0.0234375
3 0.2740753211590283 0.26953125 0.03343721658814811 0.025
3 0.20451467686120423 0.2609375 0.039140412441111036 0.01875
3 0.22496387789796346 0.259375 0.02874971658814811 0.025
3 0.30013953515527825 0.2484375 0.030038814514629576 0.021875
3 0.7767944692265291 0.64921875 0.05997917568342572 0.1140625
