3 0.1375 0.7265625 0.2109375 0.26875
3 0.3484375 0.55625 0.0984375 0.1390625
3 0.39375 0.44375 0.0296875 0.0421875
3 0.6890625 0.4703125 0.0453125 0.0578125
3 0.509375 0.740625 0.0984375 0.075
3 0.4375 0.634375 0.075 0.0703125
3 0.525 0.5703125 0.0546875 0.046875
3 0.9 0.6265625 0.06875 0.0625
3 0.784375 0.546875 0.0453125 0.0390625
3 0.840625 0.5453125 0.0421875 0.040625
3 0.6953125 0.5375 0.0375 0.034375
3 0.759375 0.5265625 0.0484375 0.053125
3 0.68125 0.5078125 0.034375 0.0296875
3 0.4234375 0.4984375 0.034375 0.0265625
3 0.4078125 0.471875 0.021875 0.021875
3 0.44375 0.4703125 0.01875 0.0171875
3 0.74375 0.4890625 0.0484375 0.0515625
