3 0.30315403680573905 0.8830614431129952 0.30066154721981436 0.22351126463433105
3 0.6192883017914801 0.7530320128858153 0.2993915731387958 0.2625464935570923
3 0.8652557999531245 0.6374650584581386 0.26948840009375097 0.23116922852997773
3 0.350266316777221 0.6264069221339522 0.22802512959490703 0.1965396984757483
3 0.22949661258291573 0.46999836173090603 0.18710760367592555 0.15725902985783763
3 0.4207286223848604 0.3328791150505558 0.158084485014259 0.12897949375348405
3 0.5473396405281474 0.35950018150372615 0.098709485014259 0.12863406010845857
3 0.2830242793593513 0.26880350039278345 0.1495884798304627 0.121121541958086
3 0.47401086432634204 0.24502459104645066 0.1534557736099071 0.11177381303532483
3 0.6127617145618978 0.16917918765204623 0.12042866013203693 0.09127950585373243
3 0.49068237153638866 0.10501266940347773 0.11404195909527762 0.089680644417414
3 0.3840612246466665 0.11032285900043155 0.10568265494824063 0.08338519262201594
3 0.607440644580648 0.06368771175434718 0.10119064458064812 0.06774201190385669
3 0.721099060744953 0.388973537184508 0.3591752591898139 0.3925157946885605
