3 0.37203750924695694 0.8827261106239913 0.2506379549649321 0.17307613912390707
3 0.19538896436877257 0.6855500978866426 0.14989747532299774 0.13025521857321784
3 0.2588926549926187 0.5743833689218645 0.11215764342930994 0.09961722376899793
3 0.43276214913252253 0.4955214055444267 0.10248225478036196 0.09427415990702759
3 0.6141086859911425 0.6680416257071284 0.1732744185677376 0.15522236758448216
3 0.8662311929309728 0.6959270530430818 0.21413925046142523 0.1860788836760257
3 0.8303578423772624 0.4912613323761768 0.14258562307124442 0.13752141535490914
3 0.6068492936415668 0.5547603757071284 0.14414812307124442 0.13763067599857096
3 0.9343456330933936 0.41179271764168635 0.10364423658176491 0.08813342055068922
3 0.8502116625507579 0.3847164014339274 0.08203005243632333 0.06640053218308672
3 0.7643335217423416 0.42838962780081535 0.1075702729789592 0.10085194183801285
3 0.6636616957087499 0.47388208028248996 0.1019816070321152 0.08646165990702759
3 0.5529337492248076 0.5216472269479657 0.11362001387966067 0.09816398441265975
3 0.5538163263381335 0.4619444450169805 0.08409320018457009 0.07432229282674854
3 0.641657485345147 0.4244119580064307 0.08439358883351815 0.07900979282674854
3 0.5228376341731278 0.4193798866028917 0.0757800524363235 0.06596348960843983
3 0.4436612739018099 0.40843666878597845 0.06434190468807692 0.057386165102807675
3 0.7441829056109276 0.3466151039156019 0.06600453423772627 0.0590579257464694
3 0.6757530806570701 0.3686647025585491 0.06277940468807693 0.057276904459145864
3 0.6216267851605769 0.3567545644430481 0.0525032387412331 0.04255884059717552
3 0.5707954703857523 0.3595242853620545 0.0444904796419344 0.03888753737886681
