3 0.8654453333318303 0.7966170807794548 0.2691093333363394 0.25213643657758916
3 0.9863528387085138 0.6583497832832338 0.02729432258297244 0.23103716837349922
3 0.43246393692754015 0.8206805812029778 0.33766708974197107 0.35780958390440104
3 0.6065348678637336 0.5098172178652716 0.2259247609582548 0.2671552208490432
3 0.7382685572769823 0.41074892826155834 0.157238919354257 0.13070251038216937
3 0.8792167349034068 0.3589651623353684 0.14884422249741008 0.11774748407381015
3 0.8114084966902311 0.30826794134515084 0.12802230024766886 0.10562691567207612
3 0.7322988854415261 0.24912118352323018 0.11508565260503385 0.09552387357870132
3 0.5040241439185815 0.45008663111827324 0.1484461162111037 0.14265647881213822
3 0.4712993810982999 0.3998745285156722 0.13231169396136266 0.13080892619541978
3 0.43737383726077167 0.32388117591307114 0.08637845574818712 0.08138577886860805
3 0.6300129474760194 0.2945863309912163 0.11425089867609248 0.11105786831702939
3 0.5621512053339023 0.25946860737016275 0.09753427956950453 0.08671031570031093
3 0.6640176122821624 0.18826771253301253 0.08423375889134022 0.06879477360693617
3 0.6685937963187276 0.15269423357969994 0.0729323858558109 0.0603452367752332
3 0.3056615725784633 0.47359420762427645 0.3723803457378271 0.5343566733528224
3 0.3571897235308673 0.22493617072198643 0.20328347353086737 0.21597215244730927
3 0.5237008273359742 0.16996649161338204 0.1442338052100677 0.18604245776545086
3 0.9092016796933391 0.18306979124632877 0.08147263192686935 0.07642526308359243
3 0.8850215868464868 0.5003259097045325 0.1896533130679508 0.1575226156156063
