3 0.5578125 0.471875 0.265625 0.18125
3 0.8015625 0.4546875 0.2609375 0.1453125
3 0.19375 0.4796875 0.2296875 0.165625
3 0.9140625 0.275 0.171875 0.1125
3 0.8546875 0.196875 0.1546875 0.09375
3 0.6984375 0.203125 0.1578125 0.115625
3 0.78125 0.1171875 0.121875 0.0890625
3 0.5671875 0.1640625 0.1265625 0.0828125
3 0.4578125 0.1203125 0.1265625 0.075
3 0.578125 0.0703125 0.121875 0.0609375
3 0.3640625 0.084375 0.1171875 0.090625
3 0.434375 0.0640625 0.09375 0.0484375
3 0.284375 0.0671875 0.0671875 0.0546875
