3 0.8099421784381718 0.5876849979127077 0.23932629958972598 0.1942994331300003
3 0.24255192366428702 0.5155847131465275 0.2046194128671175 0.1685357137152085
3 0.35474980603721784 0.829154944244826 0.05928175684847723 0.08248649810013901
3 0.480648532592001 0.7761364341768399 0.05783765601864026 0.08401263050895835
3 0.5272686205500762 0.4205209073913537 0.045479365976683894 0.06500805737069441
3 0.7964679838274678 0.38921113032152715 0.04043666846619498 0.06021145459715278
3 0.8064951018787442 0.44924009375239515 0.1279133576783142 0.08252417211208343
3 0.9434285540512608 0.47420111331968673 0.11314289189747839 0.08223323138263901
3 0.572902274494124 0.5063304676118399 0.1322223493799445 0.09822190729444458
3 0.3886349408857265 0.5740121961446872 0.12646925684847724 0.08405030452090294
3 0.4855584076922474 0.6343665082650343 0.12429145020978147 0.09647756933854161
