3 0.4321209686522923 0.8429541928633 0.14458906743868064 0.18179161818710837
3 0.31521918369868107 0.5957599416553518 0.08655705547083344 0.10063747091226496
3 0.43754877858843805 0.6053426225598582 0.09447865824437507 0.10596269970043756
3 0.6871506947165977 0.6687203699747843 0.1069059230620141 0.10385806576151388
3 0.7904614519347926 0.8700599872438086 0.17500261284152785 0.14840503333979882
3 0.6204327073500352 0.526229723158983 0.06235583605604163 0.06591178454774696
3 0.5969036351617019 0.4905791366446838 0.05741376291777769 0.054591647274843245
3 0.5827313791777782 0.45338202558457735 0.04309668977951393 0.04250623545613248
3 0.4619824680836116 0.44445304892243653 0.04636716014423605 0.04901132697140156
3 0.47331870516583374 0.3934326828613603 0.03662848423243048 0.03262105242559432
