3 0.87721482572905 0.6015965023742684 0.11850777297895902 0.09702341567683312
3 0.878634030693982 0.4450964497878437 0.07714229333702463 0.05994931301126609
3 0.7107153454688067 0.43942780832590544 0.07069203423772627 0.0566424565847754
3 0.6173868476282749 0.47897839014179 0.06600453423772627 0.05650606426490725
3 0.6047051773624943 0.4081657849689405 0.047815738741233106 0.040380959092057724
3 0.6988544979974152 0.34359247109974467 0.03763970234403846 0.027608174452321686
3 0.5946781377260973 0.35699809006264765 0.03461483189368782 0.029079746239076342
3 0.5500968229512726 0.3564836130239013 0.03657785009228505 0.035375210345698974
3 0.524605469619785 0.3267817411580044 0.023276813695090583 0.022511497492717504
3 0.5795130151162783 0.3127252528364869 0.026101425046142525 0.017914925705962936
3 0.535332218540051 0.30596077579774045 0.02131379549649317 0.016216033386094876
3 0.5708889867386482 0.30073371819675077 0.01818879549649317 0.01612510517284953
3 0.13953794571797518 0.7538931927947218 0.1559867890180882 0.14646112602253183
3 0.3766746051864141 0.6199059523616332 0.10993380937615385 0.109250631037097
3 0.0354620276854921 0.5782446719450391 0.0709240553709842 0.07777331050398359
3 0.1935698133905487 0.5214360454602888 0.08419332973421945 0.07263116943775678
3 0.44623254087301484 0.4505171063599837 0.05622901603912887 0.04998327962517113
3 0.20008872609819006 0.4441377595669115 0.054265997840531634 0.04368781551854859
3 0.26007379781284506 0.3997034494586393 0.0427277205426357 0.03399456677218966
3 0.3056168352897738 0.4096383906040083 0.0446907387412331 0.04029003087881229
3 0.3884188433093383 0.3877837741483878 0.04479086829088237 0.041852530878812286
3 0.44723263880583153 0.373840946093427 0.03481509099298634 0.03220474623907634
3 0.31626324105758485 0.3778571931904332 0.03461483189368782 0.029079746239076342
3 0.3120658968253959 0.3456440867639424 0.023276813695090492 0.022511497492717504
3 0.3902409616002206 0.3471360420950765 0.028064443244739758 0.024210389812585564
3 0.44146230259320707 0.3173181614536909 0.023176684145441228 0.020948997492717503
3 0.4365640515134729 0.2960425550272002 0.014663277297895938 0.009784176959604096
3 0.3605231832225905 0.3345307420159342 0.023076554595791877 0.0193864974927175
3 0.40273046961978504 0.32323554084143524 0.02473918414544123 0.02099446159934022
3 0.3305550809708372 0.32583169193679196 0.024939443244739755 0.024119461599340218
3 0.4035315060169797 0.31073554084143523 0.02131379549649317 0.016216033386094786
3 0.3813759037652263 0.30226381129540636 0.01818879549649317 0.01612510517284953
3 0.28084617520302607 0.35647628668480014 0.04901729333702489 0.05913095909205772
