3 0.8707575322601009 0.4265625 0.2299572894943019 0.240625
3 0.9108109898703148 0.55625 0.13616874813797325 0.20625
3 0.698000736560546 0.29453125 0.4175300641014079 0.2421875
3 0.49032097725492096 0.2078125 0.26926803846084474 0.1453125
3 0.28652819727113166 0.13828125 0.1614512303552928 0.078125
3 0.12113648366506176 0.18359375 0.17453773531769162 0.1578125
3 0.19231162448327135 0.2671875 0.3846232489665427 0.34375
3 0.32165009822353563 0.390625 0.39573214681406566 0.3109375
3 0.43690476302967857 0.49921875 0.4272390119917121 0.35
3 0.5584072737830456 0.64140625 0.45674672952672335 0.3796875
3 0.738995840160765 0.75625 0.42077068817039454 0.3453125
