3 0.8109375 0.1703125 0.2453125 0.0890625
3 0.65625 0.828125 0.2859375 0.09375
3 0.1453125 0.696875 0.2890625 0.3546875
3 0.5703125 0.4 0.34375 0.2984375
3 0.2765625 0.746875 0.1328125 0.190625
3 0.54375 0.6078125 0.1109375 0.1828125
3 0.6140625 0.159375 0.115625 0.06875
3 0.3453125 0.20625 0.1125 0.1609375
3 0.3875 0.2703125 0.1109375 0.1671875
3 0.296875 0.415625 0.1484375 0.2046875
3 0.121875 0.4796875 0.1328125 0.1828125
3 0.0234375 0.3921875 0.046875 0.128125
3 0.0328125 0.2640625 0.065625 0.1421875
3 0.1546875 0.23125 0.121875 0.171875
3 0.1453125 0.3515625 0.1328125 0.175
