3 0.5147764980903595 0.6981170388612047 0.16702605736790765 0.26520110271317865
3 0.6919566160884505 0.6954192427464027 0.19180788136536223 0.24805317550756795
3 0.296261760741542 0.570136531459949 0.208377216024817 0.19602960055371027
3 0.5051640460693605 0.5429288911129582 0.08054202267663584 0.07854410703211538
3 0.6220248294079965 0.5894510425618325 0.1047067760184536 0.14254605027685513
3 0.24837769672976986 0.48041389497046944 0.03780908267027261 0.028965609191583752
3 0.3333157707272245 0.46712095542635745 0.044277258672817864 0.048116127390180986
3 0.5782833727323151 0.5202912299464761 0.06495338534372692 0.08066781153562222
3 0.4998765620623608 0.49106600246401017 0.053579533338636055 0.04246690468807692
3 0.5151833887253154 0.4647235479605033 0.033248852005090514 0.039602720542635694
