3 0.37119191005314117 0.7619211181339989 0.2294777923897861 0.14400602559985282
3 0.5553871275881525 0.7439487754429693 0.08601458271265763 0.0740568661314139
3 0.6054599021952584 0.7455904210317478 0.05113016046291676 0.060916516039128864
3 0.6232852570338225 0.7161730313030656 0.07089900496239884 0.08399307063492074
3 0.40938757692619865 0.6820927182262839 0.10240156203449331 0.057970791177556436
3 0.07923038885599348 0.7094028832502771 0.15846077771198697 0.10073808451458141
3 0.22609988792723468 0.7142276904669627 0.12180653349844599 0.07323484577334831
3 0.1981033205160579 0.6928440437984502 0.11464900496239876 0.0867966980251019
3 0.30309903556986983 0.7097590383997794 0.06424659057054054 0.04150518198597286
3 0.9177415783739408 0.7703038309616119 0.03950345574818712 0.0788654796419344
