3 0.14055841757842458 0.7060648137169923 0.07353453628657398 0.055887535713814884
3 0.2385079020270357 0.6843728202098139 0.0689837373233333 0.05736821509696384
3 0.20076460278097102 0.6096085994308071 0.04165981969842587 0.03036933847375849
3 0.152297708483147 0.6173432329538715 0.04037072177194441 0.03346706493480802
3 0.11237604604203591 0.5979250312495881 0.02833961347787035 0.020776150162155817
3 0.2187825794538878 0.5748205422066367 0.029902113477870352 0.020803423701106105
3 0.20973977012305448 0.560621674511885 0.023378711404351816 0.017569329545304768
3 0.2503059815274063 0.5784910129856435 0.028476314514629664 0.022338650162155815
3 0.25783551753115636 0.5575609042193456 0.025077912441111037 0.019159103084255235
3 0.2729431076819434 0.543003526378324 0.01685530933083328 0.014335235389503254
3 0.2533435071635638 0.5418813571414448 0.01998030933083328 0.014389782467404189
3 0.2702869993878694 0.5304762528393738 0.015156108294074055 0.012745461850553141
3 0.10326488619282295 0.5829449135548364 0.03228481969842587 0.030205697240056395
3 0.5144573729505083 0.4949553587630026 0.02406221658814811 0.025381829545304768
3 0.45265787639087823 0.7247734979681099 0.26068038765342544 0.2869308043815014
3 0.37245509213055455 0.5213388064100962 0.035683221771944315 0.033385244317957155
3 0.34618582657916575 0.497478566556366 0.028613015551388798 0.023901150162155816
3 0.381664705325601 0.46611551826064923 0.015292809330833278 0.014307961850553141
3 0.3917136485866658 0.4561501830333016 0.011894407257314832 0.011128414772652384
3 0.8417217934501376 0.6067555239393968 0.1061515466541664 0.07205800649282175
3 0.9614572109568744 0.5365266189059771 0.07708557808625116 0.07200345941492117
3 0.8204722185679156 0.5689418782414679 0.08746033524981485 0.05457049756436803
3 0.6985582623473601 0.5574531789728165 0.06857363421305536 0.052680715096963836
3 0.7695351436856934 0.5306100353034825 0.06123002591898139 0.04007162094116268
3 0.7235685327997212 0.513426489443398 0.043495721771944315 0.03352161201270896
3 0.5547693061268045 0.5455826501588605 0.03996061866166656 0.028779564934808023
3 0.46505269524083237 0.5276354452081662 0.025077912441111037 0.019159103084255235
3 0.44263089109379533 0.5210036156628615 0.020117010367592593 0.01595228246740419
3 0.42064858435486013 0.5104791728870319 0.011894407257314832 0.011128414772652384
3 0.4071233265791657 0.49854223457542923 0.01332020622055552 0.009593188311602673
3 0.41097078798351755 0.5157706448838547 0.023788814514629664 0.02225682954530477
3 0.6114786359099991 0.5161502946389734 0.03187471658814811 0.025518197240056394
3 0.5891935327997213 0.5110809650936686 0.029765412441111038 0.019240923701106104
3 0.5410588291710638 0.5047803721556833 0.023788814514629664 0.02225682954530477
3 0.5247797182850917 0.488115023535655 0.010468608294074144 0.012663641233702094
3 0.49628357139536944 0.4922979630650738 0.013456907257314831 0.011155688311602675
3 0.48900831361967506 0.48047011890927244 0.011894407257314655 0.011128414772652384
3 0.5279635068807399 0.47100934415250606 0.01332020622055552 0.009593188311602673
3 0.5129830558439806 0.4691877455324779 0.015429510367592414 0.01587046185055314
3 0.501742759472638 0.47445194399035023 0.010331907257314832 0.011101141233702094
3 0.4943014063623602 0.46964171306507374 0.010331907257314832 0.011101141233702094
3 0.49561989858666583 0.4579638733734993 0.010468608294074144 0.012663641233702094
3 0.48207480843587874 0.472548524753471 0.010331907257314832 0.011101141233702094
