3 0.2221085179875681 0.5399774950256225 0.13190927956950455 0.09095873195336797
3 0.736611973735755 0.6552565236689313 0.19910539578060843 0.229951299589726
3 0.702784821545006 0.4136959857015675 0.058578787427387445 0.05426237012586874
3 0.6181551104201355 0.40183368051276425 0.04891268899896399 0.04730197510489074
3 0.6852505651348653 0.3882340444148558 0.042298815963434676 0.03901587842423861
3 0.6596683682780183 0.3738396576922474 0.02772689371369381 0.02701278589277134
3 0.48056521918764117 0.4061991039533366 0.04059076674922295 0.03577247925407558
3 0.41225186683027626 0.4103645404661635 0.045351041356328815 0.037690176764564674
3 0.4661195754739474 0.3801927110069509 0.029216619106587773 0.02556868506293437
3 0.5466782167064418 0.37150571785542813 0.02282106989237622 0.021970088382282336
3 0.4926991920993359 0.3658584464848038 0.022821069892376044 0.021970088382282336
3 0.596331460296301 0.35113494088572644 0.017769696856846907 0.013802390871793335
3 0.6186238372607716 0.3450392288530903 0.016134422249740866 0.012121491701630304
