3 0.875 0.625 0.1171875 0.103125
3 0.71875 0.4859375 0.0546875 0.0375
3 0.66875 0.4609375 0.05 0.0328125
3 0.6359375 0.4421875 0.04375 0.028125
3 0.6203125 0.4296875 0.0390625 0.0296875
3 0.5453125 0.4421875 0.04375 0.0328125
3 0.5875 0.4171875 0.0359375 0.0265625
3 0.565625 0.409375 0.028125 0.021875
3 0.578125 0.3984375 0.025 0.0125
3 0.6015625 0.3984375 0.0375 0.0203125
3 0.6703125 0.3921875 0.0546875 0.0125
3 0.746875 0.3921875 0.0453125 0.01875
3 0.9671875 0.390625 0.05 0.021875
3 0.5859375 0.35625 0.015625 0.0109375
3 0.5875 0.35 0.0140625 0.009375
3 0.5609375 0.3453125 0.0109375 0.00625
3 0.5125 0.34375 0.0203125 0.0203125
3 0.4640625 0.353125 0.01875 0.0109375
3 0.3921875 0.359375 0.0203125 0.0125
3 0.3921875 0.3765625 0.021875 0.01875
3 0.353125 0.3640625 0.0234375 0.0140625
3 0.3640625 0.3890625 0.028125 0.0234375
3 0.3734375 0.4515625 0.04375 0.040625
3 0.303125 0.43125 0.0375 0.0421875
3 0.2953125 0.3734375 0.0265625 0.01875
3 0.30625 0.3640625 0.021875 0.015625
3 0.2234375 0.378125 0.0265625 0.0171875
3 0.1828125 0.3828125 0.0296875 0.01875
3 0.3359375 0.5984375 0.0796875 0.0921875
