3 0.9 0.675 0.2 0.1546875
3 0.9390625 0.55625 0.1203125 0.10625
3 0.7140625 0.5546875 0.1625 0.109375
3 0.590625 0.653125 0.184375 0.1296875
3 0.4625 0.740625 0.2015625 0.0828125
3 0.2625 0.6796875 0.184375 0.1296875
3 0.1015625 0.74375 0.2015625 0.075
3 0.0828125 0.5671875 0.1640625 0.1375
3 0.3125 0.4375 0.1640625 0.11875
3 0.3515625 0.5953125 0.178125 0.134375
3 0.5125 0.5078125 0.15625 0.0984375
3 0.4859375 0.3671875 0.1234375 0.078125
3 0.5703125 0.315625 0.1234375 0.0828125
3 0.6546875 0.271875 0.1109375 0.0671875
3 0.6453125 0.4171875 0.13125 0.0875
3 0.7765625 0.478125 0.1328125 0.1140625
3 0.840625 0.4453125 0.1234375 0.0921875
3 0.8796875 0.3796875 0.1359375 0.10625
3 0.9203125 0.3546875 0.1 0.084375
3 0.9796875 0.296875 0.0390625 0.0796875
3 0.6890625 0.375 0.1171875 0.084375
3 0.740625 0.346875 0.10625 0.0953125
3 0.79375 0.3015625 0.10625 0.0765625
3 0.865625 0.265625 0.1015625 0.065625
3 0.690625 0.25 0.096875 0.0640625
3 0.9046875 0.2375 0.0953125 0.0375
3 0.115625 0.240625 0.0921875 0.046875
3 0.03125 0.2640625 0.0609375 0.0640625
