3 0.1571675754193746 0.4562392297361203 0.17231402393569456 0.1609846575674327
3 0.6083501753431246 0.3509415301931863 0.07511040919430556 0.0752954065339753
3 0.7298062948341663 0.3967912235353765 0.1024002610179167 0.1077825748547749
3 0.39725098081395804 0.26712526406313586 0.06700696846486114 0.06243153349844599
3 0.45866191270968726 0.21041719168956036 0.04618532218833345 0.03961046360606986
3 0.6075345173830901 0.25186832940739806 0.044695557370694416 0.04266268899896399
3 0.6681265252668748 0.2638738697302696 0.04636716014423605 0.04742296360606986
3 0.6341885895714234 0.2131675483901514 0.031904616641249994 0.029580492142117176
3 0.6901476488419789 0.2230476625343405 0.03194098423243048 0.031142992142117087
3 0.1974880233670137 0.23272680107623853 0.2870688145888891 0.26309942927905433
3 0.5302829927818055 0.18444969706624384 0.03506598423243048 0.0312885413563289
