3 0.5094251874975285 0.3550831105983668 0.15908644805083547 0.16431813335454457
3 0.601791739850435 0.49856893391950374 0.17317622158978557 0.1660442653564534
3 0.19438438879477477 0.5712921026416374 0.3725682954530476 0.22304079471672508
3 0.8761138555165917 0.41176617854873265 0.11405459172016919 0.09037155601527207
3 0.654242809656507 0.3698075872454131 0.049501168019063256 0.061501121339908774
3 0.5858513198027768 0.34637972525464 0.03365797970746058 0.04881930800445433
3 0.835827594963285 0.6107127558880052 0.24701491639421036 0.279380606699544
3 0.4082854273512588 0.3804836472788207 0.05451595048646744 0.08030566534054513
3 0.14876615137667648 0.46476992998090993 0.12504663879807004 0.09362382535009015
3 0.715330314120734 0.3776922652371408 0.1383921185055307 0.1422067760184537
