3 0.6583667729514631 0.8018319421038452 0.18056168249628843 0.14401548138875028
3 0.6750076390756938 0.6710528229972572 0.11938516508343397 0.10687504631872749
3 0.8723020409301446 0.6250553105912605 0.11485479534115868 0.13939644789030403
3 0.9913298433958507 0.7218489197730509 0.017340313208298496 0.17122433664159917
3 0.2588237963572115 0.7992957169158388 0.1765292797373265 0.1562971575674325
3 0.32165026571537386 0.6232918349889693 0.12324050542706697 0.15069782092583353
3 0.19612796528583257 0.5743171416467792 0.09808337516934214 0.11679370181924557
3 0.07398629240048257 0.4852439871797184 0.10096935775648759 0.08263702564056316
3 0.8127522212787264 0.48999325992930665 0.09422803482570892 0.07297092721213971
3 0.6582318176152533 0.4854428087292336 0.0943918091359686 0.07609592721213972
3 0.5067169052453528 0.4635229210113959 0.07572369629109836 0.07678513192686935
3 0.39233682270363585 0.4179450554194647 0.07358798620519007 0.06577485731976367
3 0.29542420115233836 0.406795693756475 0.07087242198083885 0.07344180810555194
3 0.1895017497728574 0.41799436703967324 0.06955558344622807 0.07805653349844607
3 0.3037036906368888 0.34062488420318104 0.05862472749876284 0.0479323858558109
3 0.39539322365357554 0.3567164569910413 0.05311171189493056 0.06170378742738745
3 0.3944548433958508 0.32386756968748837 0.055581614653892594 0.04934933664159917
3 0.26119860809517187 0.2916993866843804 0.04735967887824381 0.041172963606069854
3 0.9249855483933764 0.39000391439636733 0.08000176051544941 0.06919095574818694
3 0.9583812245580866 0.35477273573648554 0.0729328889641522 0.05327485731976358
3 0.8799795855939347 0.3083023041811196 0.05755355042954165 0.057234611248705033
3 0.8060750961093843 0.3775296472328596 0.07523237336031982 0.06741013192686954
3 0.7374988364984458 0.3392163180348585 0.06602114767057934 0.07009848428423435
3 0.6567268713241549 0.41189614681857484 0.0754780348257091 0.07209763192686935
3 0.6385191039113003 0.3782852801931863 0.05895227611928178 0.0541823858558109
3 0.6204341672311404 0.3470181635677978 0.058788501809022266 0.0510573858558109
3 0.6925614727490644 0.3185977570338225 0.06183161465389251 0.04964043507002262
3 0.5953589241285454 0.31685978267438564 0.05426477611928178 0.05396406203449331
3 0.5932674796464694 0.29189616997793866 0.04924972749876275 0.04749573821317572
3 0.6643645516727368 0.2737047880510692 0.05056656603337366 0.04288101282028158
3 0.5782256558111797 0.2589210041383384 0.04735967887824373 0.041172963606069854
3 0.6514174943457904 0.2508130976043631 0.04374335594746519 0.03165241439185813
3 0.5786417356393632 0.23697322953123257 0.04670458163720568 0.028672963606069857
3 0.5815243962002412 0.2172600430134679 0.03732958163720568 0.028236315963434677
3 0.5756528544771273 0.17994197953123256 0.05163109905006032 0.06319351282028159
3 0.659741249434173 0.17054340074751626 0.03124335594746519 0.031070217535011314
3 0.6506185549520971 0.14590727378304552 0.041601001809022264 0.0502568651776464
3 0.5708491677969674 0.14805627874544428 0.041191566033373664 0.04244436517764645
3 0.6074827086155702 0.15966371278200955 0.02639208163720568 0.027726893713693725
3 0.4075446636130959 0.25982218631287685 0.04563340456798422 0.037975188998963995
3 0.35540895352718754 0.2512862483473701 0.042262743102595035 0.033142139784752264
3 0.28255462969189793 0.22100374297068665 0.034614017412854456 0.03590326674922295
3 0.36421406546754664 0.2250319634011821 0.035848968792335525 0.029726041356328815
3 0.420668783355371 0.2263183275453712 0.034286468792335614 0.029653266749222952
3 0.4257723631835546 0.2041522291169478 0.03601274310259513 0.0328510413563289
3 0.38329825814060037 0.20064839350880592 0.029517081637205855 0.02787244292790545
3 0.2974426452957301 0.2062134968996281 0.03140713025772479 0.03419521753501131
3 0.31923908016686775 0.18875201509659317 0.0294351944820761 0.02630994292790545
3 0.3812887008136541 0.17724728081235885 0.025982645861557074 0.019914393713693725
3 0.4317390801668678 0.18351224338497144 0.022857645861557075 0.019768844499481998
3 0.39926077283992145 0.1615302355270886 0.026146420171816585 0.023039393713693724
3 0.3492607728399214 0.16385902295447602 0.024502033016686832 0.02140411910658786
3 0.4487285063315781 0.14904519809970113 0.023021420171816586 0.022893844499481997
3 0.41953565128862397 0.1449227783311595 0.024502033016686832 0.02140411910658786
3 0.4928912641334942 0.1399398717971842 0.02277575870642732 0.018206344499481997
3 0.16548107360814707 0.4527888980569199 0.029756099050060315 0.0621746683207995
