3 0.8387390907799375 0.4750120681006959 0.19369014970954979 0.2075127055509382
3 0.8184930190255345 0.29025240753029213 0.13878001778268043 0.1335366946765233
3 0.3909459077768296 0.3622573304951667 0.178972678245597 0.19287720258518865
3 0.4237327907371563 0.19405115855605634 0.1177397717116218 0.1170840237259962
3 0.28465532816454375 0.14981302171164879 0.11737589867609248 0.10927152372599616
3 0.439708855252849 0.10216740608459843 0.08608735731976366 0.07368685079830276
3 0.13900253391273076 0.07933071984821319 0.050440955748187036 0.07847250988583174
3 0.09782741625388498 0.1597649777568786 0.05741870181924558 0.0943521778706093
3 0.3716350198541042 0.6094506654761386 0.14514564185166687 0.23672536167271757
3 0.8963526534336033 0.17557314220725292 0.08154540653397505 0.07662084980971962
