3 0.3907896821399275 0.7091664865135413 0.0957879419114116 0.11141158510611113
3 0.40799252799538693 0.5130181851267704 0.05414397095570571 0.055851262917777866
3 0.4166589782051684 0.4192318175355899 0.03709818091374952 0.036737587005972294
3 0.4184116549697331 0.3755181851267705 0.02701278589277134 0.027144381458888932
3 0.3740221149277768 0.3952682938842358 0.03037458423309749 0.030342116641249993
3 0.17972397280658367 0.6025573830744095 0.029262370125868874 0.056831881458888844
3 0.20393199002802312 0.5403840381846525 0.022301975104890737 0.04731141109416672
3 0.26049056596275083 0.4938350400845136 0.020265878424238614 0.04102504350298606
3 0.22287216679258778 0.496270362272847 0.020029080083912555 0.03790004350298606
3 0.2620064443869895 0.45324640767569424 0.014749584233097402 0.029978440729444424
3 0.29440454729141885 0.4579514382609025 0.018111382573423464 0.03317617591180557
3 0.29234513982288607 0.44396167344326365 0.01607528589277134 0.02688980832062491
3 0.33015371575761376 0.39784908643729133 0.010914189212119308 0.02053070554708327
3 0.3263425541398961 0.3761013730064233 0.007670790041956277 0.018895470364722212
3 0.3436484533100591 0.3741388295034372 0.009114890871793246 0.017369337955902786
3 0.3584096929370969 0.35429845497840246 0.007433991701630216 0.015770470364722212
3 0.7564892275804684 0.5041269622935063 0.02350927759440182 0.042660278685347205
3 0.6935990638881584 0.47985496732749944 0.021591580083912553 0.037936411094166546
3 0.6874916964615819 0.4472424890789924 0.01955548340326061 0.03165004350298624
3 0.6653206985361744 0.45165788535552026 0.01955548340326043 0.03165004350298606
3 0.6415405790350054 0.41555738440558976 0.01763778589277152 0.026926175911805572
3 0.6029992199067987 0.39929725798069393 0.012713487552445456 0.023692073138263936
3 0.5728031570443255 0.3758240435998953 0.010795790041956365 0.01896820554708336
