3 0.7606875214851844 0.7761446889111465 0.11947369629109836 0.08152278763096828
3 0.32851683062115294 0.6737859693295225 0.06848440637700666 0.08885468639013112
3 0.5302298168263431 0.6251620710745629 0.040700243102595124 0.03398151609154336
3 0.310497170964786 0.6286155809619199 0.0471959045679843 0.039106058666190435
3 0.27118236544686203 0.6007748042267148 0.04102779172311406 0.040231516091543365
3 0.35300557553277034 0.5955188576971251 0.032642081637205854 0.028747712873234653
3 0.3240484158764033 0.5495836448238904 0.01628009724103805 0.013592606436617416
3 0.33703973880718185 0.5410827299731842 0.014635710085908294 0.011920845792955603
3 0.3725678030315331 0.5514082247774041 0.016525758706427317 0.018280106436617417
3 0.3498672874277009 0.5357068151224782 0.012991322930778537 0.01024908514929379
3 0.37823794889309015 0.5329860067083894 0.011510710085908293 0.011702324505632156
3 0.3923004488930902 0.533969352501345 0.01134693577564878 0.008577324505632155
3 0.4774257213943273 0.585400448546402 0.024420145861557073 0.020388909654926124
3 0.44008949570458683 0.5796531930985205 0.023267081637205856 0.028092149011264313
3 0.4562058186353653 0.5713707995351378 0.019732645861557076 0.020061127723940864
3 0.4460053030315331 0.5565434750295057 0.014635710085908294 0.011920845792955603
3 0.4695246901866629 0.5566198846844317 0.018006371551297563 0.01682686708027905
3 0.4840785131174414 0.5482282304773873 0.012991322930778537 0.01024908514929379
3 0.5563762369981596 0.6050352413731506 0.032396420171816584 0.024060212873234833
3 0.44057417458283066 0.5404814324548588 0.01134693577564878 0.008577324505632155
3 0.4395029975136092 0.5309971718111971 0.008140048620519025 0.006796303218308708
3 0.5220964122583588 0.6606625284999159 0.019070904567984215 0.03713936708027923
