3 0.8265625 0.8203125 0.2203125 0.1703125
3 0.35625 0.6109375 0.1 0.0890625
3 0.5859375 0.503125 0.075 0.065625
3 0.6515625 0.4796875 0.06875 0.065625
3 0.575 0.465625 0.059375 0.053125
3 0.8296875 0.4 0.046875 0.0390625
3 0.4671875 0.459375 0.0640625 0.046875
3 0.378125 0.48125 0.0625 0.0546875
3 0.3078125 0.4890625 0.078125 0.065625
3 0.2484375 0.39375 0.0421875 0.0296875
3 0.1890625 0.3296875 0.0421875 0.0328125
3 0.3328125 0.39375 0.046875 0.03125
3 0.36875 0.3765625 0.034375 0.0296875
3 0.4015625 0.371875 0.034375 0.028125
3 0.328125 0.378125 0.0453125 0.028125
3 0.5875 0.3390625 0.034375 0.025
3 0.45 0.359375 0.0484375 0.0328125
3 0.5296875 0.3609375 0.034375 0.0234375
