3 0.6960268727649743 0.6900308358988574 0.127202395460829 0.11572273442229637
3 0.5658681468115914 0.7128699537283144 0.13336311542376222 0.15821062307124426
3 0.43047130543444634 0.5857090715577714 0.09789684137714509 0.12475777297895937
3 0.5430953018062492 0.5071811582318212 0.07265873920022692 0.07169332973421945
3 0.5030308077966991 0.4313405490402375 0.05487103847458741 0.053404404688076924
3 0.5625496515360968 0.39462060147656103 0.04327877404661713 0.03395349784053163
3 0.4942163137871489 0.35750253084164024 0.050927582939624474 0.029766645588778305
3 0.5995932945498552 0.339311340217794 0.03768353847458741 0.0523029796419344
3 0.7745932945498551 0.35052584977851803 0.13940972958157988 0.06349890036914027
3 0.6432887308475244 0.3405524676079751 0.04596726442797028 0.021653756939830338
3 0.6306697128761749 0.5595632834625339 0.035322430307219224 0.0739777205426357
3 0.4505804195922642 0.49189851480251134 0.03343254809323426 0.06450259099298634
