3 0.057842441582465785 0.6018974687862331 0.050437717514930626 0.08989141848667045
3 0.10600718464861161 0.5862248002995625 0.04705814437666671 0.07869882697140156
3 0.15199183187506993 0.5777747004493436 0.04709451196784729 0.08026132697140156
3 0.20022931012357686 0.565227031962673 0.045532011967847286 0.0801337812137671
3 0.25322702355444493 0.5554217262030988 0.04073540919430565 0.0750636439408634
3 0.301737258736806 0.5545928077164282 0.04720361474138892 0.08494882697140156
3 0.4600400680073616 0.529146913316523 0.03768314437666671 0.07793355242559433
3 0.5052980166205907 0.5231043363451213 0.04407861474138901 0.08469373545613249
3 0.5474673328250004 0.5188793508889888 0.04088087955902786 0.0813136439408634
3 0.5911991490294102 0.514526819675222 0.042479747150208344 0.08300368969849785
3 0.6317695976426394 0.508866879976724 0.039172909194305564 0.07493609818322895
3 0.6786264138470491 0.5042592572476879 0.039209276785486226 0.07649859818322895
3 0.7311338180073615 0.5070177243669309 0.05094686379145834 0.11176641848667046
3 0.775047472167674 0.510477693153164 0.04258884992375016 0.08769118969849785
3 0.8234849721676742 0.5065237746664935 0.043969511967847555 0.08000623545613247
3 0.8759923763279864 0.5092822417857364 0.04720361474138883 0.08494882697140156
3 0.9229582953059381 0.5093621190567005 0.045641114741388836 0.08482128121376711
