3 0.4 0.35625 0.034375 0.0421875
3 0.678125 0.3625 0.0359375 0.0390625
3 0.73125 0.3921875 0.046875 0.05625
3 0.6515625 0.7984375 0.109375 0.0953125
3 0.6234375 0.6046875 0.0703125 0.0578125
3 0.7046875 0.53125 0.0515625 0.04375
3 0.8140625 0.5375 0.059375 0.046875
3 0.5890625 0.4859375 0.0453125 0.0390625
3 0.578125 0.4390625 0.03125 0.025
3 0.628125 0.4234375 0.0328125 0.0296875
3 0.715625 0.440625 0.0359375 0.0296875
3 0.671875 0.403125 0.028125 0.0203125
3 0.6546875 0.3859375 0.021875 0.01875
3 0.5953125 0.38125 0.0203125 0.0171875
3 0.1609375 0.528125 0.059375 0.053125
3 0.31875 0.41875 0.0296875 0.025
3 0.375 0.384375 0.021875 0.01875
3 0.434375 0.375 0.021875 0.01875
3 0.4796875 0.3640625 0.0203125 0.015625
3 0.3828125 0.41875 0.028125 0.025
