3 0.9558965177575892 0.3783195420852989 0.08820696448482153 0.08864765394280312
3 0.9619510750373774 0.30280935905476075 0.07609784992524524 0.0720022878817268
3 0.6447499394987579 0.11932614785457143 0.025136355386194253 0.025478232122152545
3 0.6118147196511832 0.10091085876489667 0.02198408430895533 0.020535640606883464
3 0.6344346082148646 0.09281144527919591 0.02199317466803503 0.02209814060688351
3 0.781294031900941 0.7498910084556359 0.25922150565734087 0.2632325500096984
3 0.42889469798476904 0.5004000310445891 0.13988063231716552 0.15197657242947357
3 0.21841119505790285 0.46130493544643414 0.11943177693097126 0.12688097758022465
3 0.43678849033563855 0.3793860293775992 0.10681360226293624 0.10554811151914842
3 0.5884964360809124 0.39201409088704925 0.10534200585373252 0.12104556576151389
3 0.3056470537637468 0.2744111001400829 0.07855224687674198 0.0798147878817268
3 0.44534535801847286 0.23799575483179197 0.06597043364502539 0.06473192182065049
3 0.5444368429913583 0.20802159922199898 0.05655907220870695 0.05771664727484325
3 0.4364425358097659 0.1855722564987819 0.04714771077238851 0.050701372729036055
3 0.37828914734428026 0.1316976995312597 0.04718407220870695 0.056951372729036054
3 0.43700561719185504 0.14800848361996463 0.034565897540672096 0.03561850666795978
3 0.49475448467829775 0.13235179058748683 0.031404536104353474 0.029113415152690704
3 0.44774767447164326 0.11352191331652288 0.026717036104353477 0.028730777879787082
3 0.313236319085449 0.10105334847309293 0.031395445745273955 0.027550915152690703
3 0.3538295028286704 0.09226840877459501 0.029823855386194253 0.025860869395056163
3 0.4985061985739443 0.10547042619340048 0.02668067466803503 0.022480777879787084
3 0.5016993762670413 0.11693408467813142 0.03137726502711473 0.024425915152690703
3 0.4843618853422277 0.09255583801211131 0.02199317466803503 0.02209814060688351
3 0.4452175721105112 0.08168198195297469 0.023564765027114732 0.02378818636451805
