3 0.5754342619962213 0.5875132552514584 0.23500435442427942 0.18388629336408951
3 0.2418790533525501 0.5570381512969562 0.2746490512811263 0.19684082670272557
3 0.4630862733687608 0.4849706052673667 0.22065075599585598 0.1774726613621805
3 0.7449505494236087 0.5355678525620957 0.15753001778268044 0.1298885893539083
3 0.8961255976043632 0.625946309874324 0.13936221463952733 0.14217041335136288
3 0.9124163393321953 0.4438241532065968 0.1402355099247977 0.16092041335136287
3 0.18268610566713375 0.26882108330681936 0.20247864474715102 0.12260334802672598
3 0.2649421416467791 0.1624523572963199 0.08950345574818704 0.07756247334499947
3 0.9518470204732766 0.3684059825350515 0.063411836641599 0.05383407200827239
3 0.5060230599675787 0.1330990225970941 0.07002570967712848 0.06171929734245411
3 0.5873822218782375 0.12980984325273098 0.07540241439185813 0.04304202267663593
3 0.9337777247737217 0.2366565432050059 0.11541529238978612 0.13096019334818115
3 0.2680543331269425 0.08134944999204582 0.31701633374611504 0.16269889998409165
3 0.7747064001283437 0.8858127532225051 0.13514990363849116 0.18584768801718105
