3 0.4305041047249888 0.8020656916850513 0.1045244185677376 0.14818925103345748
3 0.18507288634182134 0.865858402190749 0.15254041640826924 0.19248721463952734
3 0.24808853023255661 0.6039427531003719 0.09773419802510182 0.11515842721213972
3 0.3538157009597625 0.5070014406515938 0.06997014342930993 0.09517125889134022
3 0.4494786543835351 0.5059719416850511 0.07153264342931002 0.0952440334984459
3 0.6419899221207072 0.6810576406088126 0.09514941856773759 0.14775260339082213
3 0.7289856816814311 0.5095872090534467 0.08270997532299766 0.12380568114108108
3 0.6350027490771494 0.374351722288013 0.07083173658176474 0.08430653349844608
3 0.44821414790513014 0.378972794042416 0.0624184592838688 0.07456766046291677
3 0.3051266795219627 0.44753224131354763 0.07894462523071262 0.08935790653397539
3 0.44873338448689476 0.29750447022109844 0.0544057001845701 0.07107878742738745
3 0.34065077421557693 0.3089256596343472 0.051942034237726274 0.05694351282028158
3 0.40856826187707584 0.25175316852568735 0.04705427513842757 0.053600188998963995
3 0.5758546938630487 0.19685811496824945 0.040303627390180986 0.045496590570540583
3 0.6167800825119966 0.19406275475300175 0.038741127390180985 0.04542381596343477
3 0.5187326087301584 0.15893642989822687 0.03415375693983016 0.04676799214211713
3 0.35894779611480204 0.19459133188408823 0.04332849784053163 0.04407963978475227
3 0.4627341301679582 0.21352973056018065 0.03727875693983016 0.04691354135632882
3 0.4170699791805091 0.15576858043634614 0.040003238741232926 0.040809090570540586
3 0.20096890808416293 0.3854795434232434 0.060255181985972864 0.0651198858558109
