3 0.6481692696655236 0.7942115875234572 0.1092469384905499 0.1572048262236546
3 0.28469644315316406 0.7415155819088495 0.0923464809142045 0.14066977360693614
3 0.40193135376392686 0.6102817214843278 0.08351361485312836 0.1277147472985769
3 0.6096641054309168 0.5896297743128078 0.07493584030732112 0.11788472099021767
3 0.5088346711924306 0.49131264262983726 0.06026756242753404 0.09059417889684288
3 0.5722433380121114 0.44796519005547103 0.05650483363936125 0.08259966837349922
3 0.5262132319529746 0.4117693557981344 0.04467451333591956 0.07102513154179632
3 0.35735179058748684 0.4705891609045144 0.05337983363936125 0.08241765785015538
3 0.4235187955884567 0.4410766951759687 0.05299719636645772 0.07773015785015538
3 0.4293700539234064 0.3979714372834608 0.03689396424430509 0.05191111049510884
3 0.380103377560828 0.37284961091863184 0.03753169303247779 0.05972361049510884
3 0.497290877560828 0.36602421629324317 0.03922173879011233 0.06137711575678066
3 0.5504635460474987 0.31472005055057994 0.03051641848667046 0.049984589448421435
3 0.4911045215016914 0.3275077478632743 0.030261326971401558 0.04685958944842143
3 0.4161682943805086 0.331094750423523 0.03533146424430526 0.05182010523343701
3 0.45245648074502676 0.3056551346667423 0.02844373545613248 0.04364358418674961
3 0.4195482569578239 0.289688500423523 0.02480855242559432 0.03721157366340586
3 0.5210788060494382 0.2651141636765247 0.02480855242559432 0.03721157366340586
3 0.4799276475647073 0.2644008031108287 0.021556006667959694 0.035467063140062115
3 0.408435284837611 0.2638995451477338 0.019483323637421536 0.029126057878390378
3 0.4974498584750326 0.2307237531249461 0.019483323637421713 0.029126057878390378
3 0.4677943093834182 0.25111184783503937 0.022863415152690792 0.03243306840173403
3 0.4874689516572916 0.21964203995664908 0.017793277879787083 0.02747255261671846
3 0.6929377016572916 0.20767484804680086 0.04862868969849785 0.04326415258848364
3 0.627791062717398 0.22468731377534673 0.04330346091032524 0.03517863680346807
3 0.652025659233637 0.1945069901119408 0.035108323637421536 0.030036110495108837
3 0.588042907566647 0.2067864532096507 0.03667082363742154 0.030127115756780665
3 0.5936550498405204 0.17613569268630702 0.028220594849248926 0.021859589448421434
3 0.5301824812040687 0.1821651557840169 0.024968049091614476 0.020115078925077735
3 0.5345191659015966 0.1671393952606732 0.02158795757634522 0.016808068401734034
3 0.5098380302956831 0.16468922944742279 0.018207866061076317 0.013501057878390333
3 0.4819840972651449 0.17253182152668015 0.01833541181871077 0.015063557878390376
3 0.4756066804454643 0.21255758205002384 0.015975686364518005 0.02425654735504663
3 0.4006864287784744 0.22547408197943666 0.014413186364518004 0.024165542093374803
3 0.4578611999903016 0.2299193872975783 0.019483323637421536 0.029126057878390378
3 0.4241877016572916 0.22332775305435898 0.014413186364518004 0.024165542093374803
3 0.44395806771836793 0.20973568991429675 0.012595594849248926 0.020949536831702885
3 0.4625007736277233 0.20165787940507046 0.014158094849248926 0.021040542093374803
