3 0.8906391564194666 0.30574250956560356 0.21872168716106694 0.23958734618305516
3 0.9441595870394298 0.42609467431578885 0.11168082592114033 0.20841667568342573
3 0.690653312838933 0.213152342789168 0.3965124273985097 0.24083536230009184
3 0.47074935811666874 0.16829633845384348 0.25851245764913067 0.14286817106527733
3 0.25719085216474047 0.13929977997148196 0.15661361436318472 0.07617010367592561
3 0.09973742134838534 0.21482533468416687 0.15709540339440448 0.15898260367592557
3 0.1822140989432866 0.2842110302543059 0.3502646621750031 0.3445468311973142
3 0.33127883371978023 0.37903693176217657 0.3625737646343312 0.3128279394913882
3 0.4630878908031767 0.4636477946743991 0.3909078428931624 0.35122605815305474
3 0.6060208002477053 0.5793330003293067 0.41607146935659556 0.3815382747412029
3 0.8042270169720223 0.6565715691792608 0.38307716217500315 0.34741755296925836
