3 0.8421875 0.8375 0.1171875 0.0921875
3 0.503125 0.790625 0.090625 0.09375
3 0.30625 0.596875 0.09375 0.0875
3 0.3328125 0.46875 0.0734375 0.078125
3 0.775 0.6859375 0.096875 0.0765625
3 0.6625 0.571875 0.09375 0.075
3 0.59375 0.4609375 0.0828125 0.0625
3 0.5078125 0.3640625 0.078125 0.0640625
3 0.39375 0.246875 0.0703125 0.05
3 0.046875 0.146875 0.0578125 0.05625
3 0.134375 0.1328125 0.0546875 0.05625
3 0.9 0.628125 0.0984375 0.0671875
3 0.8640625 0.5890625 0.1421875 0.0640625
3 0.8328125 0.546875 0.14375 0.065625
3 0.8078125 0.5015625 0.121875 0.0515625
3 0.771875 0.478125 0.13125 0.0578125
3 0.7390625 0.446875 0.13125 0.059375
3 0.703125 0.415625 0.1171875 0.05625
3 0.671875 0.384375 0.1234375 0.0515625
3 0.509375 0.2078125 0.1203125 0.046875
3 0.5453125 0.2515625 0.109375 0.05
3 0.653125 0.359375 0.1265625 0.040625
