3 0.8937696006126163 0.7657352271882248 0.14721134328594587 0.06379719764227279
3 0.6134740883159762 0.6131327865032153 0.07224770472226431 0.0669911818249421
3 0.6382473502198328 0.5168334480622023 0.04237839754067192 0.03453150889724856
3 0.5587371122218854 0.48961171486811617 0.032976126463433175 0.029462006920082117
3 0.5441297115579554 0.44959155133196294 0.021974993949875808 0.018078837946721472
3 0.5932711935057787 0.4608672909518397 0.02352840359079611 0.01658000494291585
3 0.6128569856602564 0.4506964534994098 0.02196590359079629 0.01651633794672147
3 0.33676666345154943 0.5150586783277198 0.05495112041330898 0.047540844866803766
3 0.4231086844305924 0.44202574353702834 0.020421584308955333 0.019577670950527093
3 0.4075564073032293 0.4301624134989723 0.017278403590796288 0.016325336958138335
3 0.3324382326351943 0.45353092931630296 0.09113406010845856 0.09119268577927464
3 0.7693700851927182 0.5333604203818734 0.19467721662612103 0.16726970752810466
3 0.573072322994274 0.4421637119023667 0.020403403590796287 0.016452670950527094
