3 0.5179867626600695 0.5120908115516662 0.23789046800644584 0.4408834924005557
3 0.9111558498305907 0.4168432082094437 0.17768830033881855 0.16650043502986128
3 0.32649939974588615 0.2599503493550692 0.08680132096198286 0.09720361474138901
3 0.4349195735222316 0.16042051519888853 0.0629242052052021 0.06231946846486114
3 0.6318099840738102 0.12923933111895783 0.07559080517696729 0.09226154160312508
3 0.4273353157003109 0.08393075038124964 0.044280621018452496 0.03691942496187504
3 0.9406991366622937 0.16742378324756865 0.09114021046687384 0.06453658510611118
3 0.8037003946253887 0.098640028497916 0.060178636803468064 0.04197060087368061
3 0.8516828683170294 0.08970013317131874 0.058343121018452494 0.037246733282500055
3 0.911239878840373 0.09144316470645757 0.05972361049510866 0.03415810087368061
3 0.9672168630553575 0.08544643142395754 0.05503611049510866 0.03404899810013893
3 0.7459033051769672 0.07338676178041606 0.05650760523343692 0.0325228656913195
