3 0.26875 0.8875 0.084375 0.0796875
3 0.3796875 0.78125 0.0453125 0.04375
3 0.496875 0.7109375 0.034375 0.025
3 0.54375 0.678125 0.0234375 0.0203125
3 0.5078125 0.6765625 0.021875 0.0203125
3 0.4734375 0.675 0.025 0.021875
3 0.4859375 0.65625 0.015625 0.015625
3 0.5125 0.659375 0.015625 0.0140625
3 0.5328125 0.6625 0.01875 0.0140625
3 0.5265625 0.640625 0.0140625 0.0109375
3 0.4546875 0.6515625 0.0140625 0.0125
3 0.4859375 0.6421875 0.0125 0.009375
3 0.6796875 0.7765625 0.1546875 0.1265625
3 0.471875 0.7890625 0.1140625 0.1375
3 0.353125 0.7671875 0.015625 0.0390625
3 0.3828125 0.703125 0.0125 0.0265625
3 0.446875 0.7109375 0.059375 0.08125
