3 0.8628606636105154 0.8290501704134389 0.1256950197716634 0.10156010487264702
3 0.5290082925462576 0.6292168445367308 0.0826798488211363 0.0785441070321152
3 0.4197088884016444 0.6814325817368042 0.07761034684397003 0.06886871838316751
3 0.22437123619701663 0.34320498920265835 0.028889003954332713 0.020552331893687815
3 0.1447991413302129 0.283561076495017 0.019386669961943916 0.016826554595791875
3 0.017759138858754967 0.26373183297342195 0.014444501977166346 0.010276165946843907
3 0.041691387375880205 0.2582525909929864 0.014508168973360736 0.011838665946843907
3 0.07086955140632507 0.24765505243632352 0.011255834980971957 0.00851340684754529
3 0.09427521790822788 0.24837574568106335 0.011319501977166357 0.01007590684754529
3 0.06736254942915873 0.2380797933370249 0.009693334980971958 0.008413277297895937
3 0.0893330499234503 0.24182535703211538 0.012882001977166357 0.010176036397194554
3 0.08257371395389518 0.2289248388335181 0.009629667984777556 0.006850777297895938
3 0.038982881444381154 0.23002746144333708 0.009693334980971958 0.008413277297895937
3 0.027949880950089573 0.22698280459579187 0.009693334980971958 0.008413277297895937
