3 0.928125 0.777919232136502 0.14375 0.1946966655834313
3 0.60546875 0.7035372463432568 0.171875 0.1795625892845374
3 0.74921875 0.581046411926688 0.13125 0.11322847727182861
3 0.328125 0.5611961931795714 0.103125 0.08773755357072233
3 0.3109375 0.5015211842511176 0.078125 0.06073867694751698
3 0.29609375 0.4450120856310894 0.075 0.0669341298696164
3 0.42734375 0.44730306290291794 0.071875 0.06531708279171564
3 0.4546875 0.40715534983454893 0.065625 0.04802048863591431
3 0.6 0.40266053895693055 0.078125 0.06386367694751698
3 0.18203125 0.39067736728771457 0.053125 0.04780230032431154
3 0.28359375 0.3612001473194867 0.053125 0.03998980032431154
3 0.29921875 0.3286603827089901 0.05 0.032122753246410875
3 0.2125 0.3708967012972463 0.0421875 0.038236385551659244
3 0.175 0.36789838636243805 0.053125 0.03530230032431163
3 0.16640625 0.3482171318982112 0.0515625 0.035275026785361166
3 0.04140625 0.339785248782184 0.0421875 0.03667388555165916
3 0.0046875 0.33836307061685106 0.009375 0.036101141233702096
3 0.0125 0.47053068831160266 0.025 0.056686376623205345
