3 0.15162769278459537 0.6342601498870606 0.18984150723608922 0.20421560509226264
3 0.5520072303238379 0.7985542231975306 0.17126192559888337 0.17665204721387226
3 0.7362970211424408 0.8225285914439727 0.15704229534115868 0.14311150512049764
3 0.83471350972248 0.7386911887143148 0.1341846494796016 0.1230874314570917
3 0.5974890694242755 0.5963616626177172 0.07358798620519007 0.06659523677523324
3 0.6761220024863908 0.5362956888554893 0.039301517412854634 0.036559126280124234
3 0.6351351543408417 0.497301807313693 0.034532130257724704 0.03472361049510884
3 0.31991959011649046 0.48673124445597954 0.06717421189493056 0.06310621572854594
3 0.5276468809350934 0.5120706916274995 0.058788501809022266 0.051713689420186525
3 0.4714411465389256 0.4947775048381488 0.05245661465389269 0.04978716837349921
3 0.40401130709980365 0.4713785312170953 0.04752345318850324 0.04482665258848364
3 0.37050941033373547 0.42658967598365827 0.0356851944820761 0.027002115756780753
3 0.11989857869652969 0.38551183674699835 0.05360967887824382 0.042065673635170955
3 0.17832855438627018 0.3857995340596927 0.04571529172311406 0.04004814732681181
3 0.11443979477533177 0.3407985762236546 0.048922178878243815 0.04179265785015547
