3 0.290625 0.7546875 0.1359375 0.1140625
3 0.3359375 0.7140625 0.096875 0.0875
3 0.7265625 0.6 0.0765625 0.0578125
3 0.609375 0.5890625 0.0703125 0.0546875
3 0.4859375 0.5265625 0.059375 0.04375
3 0.5765625 0.5125 0.0515625 0.0375
3 0.646875 0.5046875 0.04375 0.0375
3 0.6078125 0.4875 0.0390625 0.028125
3 0.5640625 0.4890625 0.0421875 0.025
3 0.546875 0.4796875 0.034375 0.028125
3 0.54375 0.465625 0.034375 0.0265625
3 0.56875 0.45 0.0265625 0.025
3 0.528125 0.45625 0.03125 0.0296875
3 0.5578125 0.43125 0.0328125 0.034375
3 0.48125 0.4921875 0.0453125 0.03125
3 0.4109375 0.5 0.0453125 0.034375
3 0.4203125 0.48125 0.0375 0.0296875
3 0.4328125 0.4734375 0.028125 0.0265625
3 0.4765625 0.4640625 0.0375 0.0234375
3 0.503125 0.43125 0.028125 0.0203125
3 0.4734375 0.4328125 0.028125 0.01875
3 0.4375 0.434375 0.025 0.025
3 0.9578125 0.709375 0.084375 0.103125
