3 0.6227304980794359 0.6646623705352447 0.26146420171816515 0.23185194482076027
3 0.7473520398025502 0.6207342288575592 0.16903768430531052 0.1927274898232348
3 0.9112817429910534 0.57007140830163 0.09552494120271575 0.15771068068726599
3 0.8123396319552054 0.5253940733850637 0.2306169934412793 0.2676323145630356
3 0.8476574135015541 0.3272088789029877 0.1946861374938141 0.23614329715018095
3 0.3285732208285005 0.3310398015611951 0.17693207146044046 0.19469942559888337
3 0.09987276797868141 0.44274634271848223 0.19974553595736283 0.24263231456303558
3 0.203390677862191 0.6235315959978426 0.07291960085908258 0.11289614767057934
3 0.5638290473773235 0.21275238975712157 0.05565685775648745 0.08082727611928178
3 0.2963549423343695 0.23222384328430912 0.09916119629109836 0.07843261646291486
3 0.427516411126705 0.19730220940853974 0.09167624491161738 0.08427318068726612
3 0.37747995307696164 0.587139315356005 0.14026423111680747 0.1491479081860289
3 0.5027786827234311 0.26269815807448726 0.09306832654882306 0.11083568068726617
3 0.4898083712126132 0.18313016678091454 0.08542624491161739 0.0839456320667471
