3 0.5859375 0.7765625 0.196875 0.1734375
3 0.8671875 0.6515625 0.1859375 0.140625
3 0.778125 0.525 0.1328125 0.115625
3 0.6109375 0.55625 0.15 0.1109375
3 0.7296875 0.475 0.1140625 0.096875
3 0.53125 0.4953125 0.134375 0.1078125
3 0.69375 0.4265625 0.125 0.0765625
3 0.6375 0.359375 0.1 0.0734375
3 0.6 0.3171875 0.0890625 0.065625
3 0.3234375 0.46875 0.128125 0.103125
3 0.1796875 0.396875 0.1078125 0.0921875
3 0.2 0.31875 0.0921875 0.06875
3 0.340625 0.35 0.096875 0.0734375
3 0.484375 0.3453125 0.0859375 0.078125
3 0.4515625 0.2640625 0.0703125 0.0609375
3 0.4578125 0.321875 0.0796875 0.0625
3 0.3296875 0.2609375 0.071875 0.06875
3 0.4140625 0.2375 0.0625 0.0484375
3 0.21875 0.259375 0.078125 0.0625
