3 0.821446974545694 0.5801655533935357 0.1546173776591669 0.14184828243518838
3 0.3970678364372914 0.3892906370302202 0.06711607123840277 0.06865144703379293
3 0.2674706022048608 0.40996413392812714 0.08960932028847228 0.09674359604505725
3 0.6249032021286108 0.35044593036117183 0.060538762917777864 0.05415190445914595
3 0.5763942733670137 0.2828870897639963 0.04138871941479181 0.03565327673520509
3 0.41963512709048595 0.29383602539782283 0.03989895459715278 0.038669016091543364
3 0.3570442081125345 0.29337184965135343 0.041570557370694504 0.04346577673520517
3 0.4018488682567707 0.2511186476738819 0.028670513867708358 0.025404191585911208
3 0.3439636330744095 0.25020100385839783 0.028706881458888934 0.026966691585911206
3 0.8297907238801038 0.3561653246808591 0.258107359991736 0.23176272427320105
3 0.5107881103729859 0.2438685124083726 0.03183188145888884 0.027185212873234655
