3 0.2265625 0.796875 0.16875 0.103125
3 0.20625 0.734375 0.1453125 0.084375
3 0.5421875 0.784375 0.1515625 0.1109375
3 0.4921875 0.7296875 0.125 0.0921875
3 0.421875 0.703125 0.1203125 0.0828125
3 0.615625 0.6640625 0.0984375 0.075
3 0.5484375 0.6359375 0.090625 0.059375
3 0.6140625 0.6046875 0.0671875 0.05
3 0.69375 0.6171875 0.0796875 0.059375
3 0.7375 0.5875 0.059375 0.0515625
3 0.6984375 0.5484375 0.053125 0.040625
3 0.659375 0.5296875 0.0484375 0.040625
3 0.7296875 0.5203125 0.04375 0.0375
3 0.7625 0.5625 0.053125 0.046875
3 0.7875 0.5390625 0.0484375 0.0390625
3 0.809375 0.5203125 0.0375 0.0328125
3 0.7546875 0.4703125 0.03125 0.028125
3 0.828125 0.46875 0.034375 0.028125
3 0.79375 0.4453125 0.0328125 0.0234375
3 0.6890625 0.4421875 0.0234375 0.021875
3 0.8546875 0.5078125 0.034375 0.0359375
