3 0.19884469301173796 0.18729539999535563 0.17743668249628844 0.1488430095477696
3 0.2135169453865872 0.038043067736604264 0.10409435775648754 0.07608613547320853
3 0.37558425542706697 0.11742949542660786 0.15005531094499086 0.13120522365499823
3 0.44868424072774593 0.15032358318419026 0.13196705223856356 0.11271533278320493
3 0.7896644448207603 0.19115561242897708 0.12358134215265544 0.10118583693238983
3 0.6519763370642727 0.12315374147791562 0.0957905348257091 0.07573555103961845
3 0.5415401260738533 0.0962262338042458 0.107710680687266 0.09531434523075957
3 0.39213326831736567 0.03076151877157829 0.07498671189493056 0.06152303754315658
3 0.47724193068726606 0.051684251025685246 0.08032930913596861 0.07767655933798819
3 0.5848973004295412 0.02203586897671534 0.08288109905006032 0.04407173795343068
3 0.7898924168924563 0.09074121533340651 0.07695864767057933 0.07275226099766212
3 0.6936348925821967 0.09489776429843248 0.0786030348257091 0.07443316016782515
3 0.7514949802122963 0.061492345832237574 0.06676477611928178 0.05641686597668398
3 0.8726606512886239 0.09858775889984775 0.07852114767057934 0.07287066016782515
3 0.5477602278374472 0.2298791833893273 0.24706086499257687 0.28951647635429056
3 0.8441328595655099 0.06310054479261915 0.11848440637700648 0.09301813942190074
3 0.3255223004295413 0.04306107053614296 0.11946705223856355 0.08612214107228593
3 0.31314288839832516 0.2280486093286994 0.07703389077317438 0.10388386182749913
3 0.7149610159425165 0.1575986738415577 0.04233798620519007 0.06545997925407558
3 0.4475212104245925 0.2029633311095978 0.05244997060135788 0.08023287427505377
