3 0.4246355639165211 0.8003969932625047 0.21442506299888783 0.16837833703942984
3 0.14471211646265236 0.7088942527304745 0.19440098933548197 0.14639425273047452
3 0.22698483212061102 0.5710447947867563 0.13458637357870132 0.11168290944452863
3 0.3902814926721896 0.598566327669656 0.1508484104104042 0.12271131303532493
3 0.4666612531249461 0.5216407341873184 0.15306335779368574 0.10710449375348396
3 0.2584847320782587 0.5266817164297293 0.13743835779368574 0.10701359016268785
3 0.30546541886760936 0.47146749648395864 0.13478379465362353 0.08825449980360815
3 0.3566176661661863 0.3983027072563471 0.11714126834526421 0.08034200585373252
3 0.5081192529837718 0.3733941317279904 0.09572129465362345 0.0880272408266178
3 0.39570255296965434 0.3578913306947181 0.09839126834526439 0.08023292154477701
3 0.5386180950630292 0.34621855337096336 0.07716871572854575 0.06448974687674199
3 0.5348630344832157 0.2899276467551051 0.0773507262518894 0.06761474687674199
3 0.6691183951900861 0.4806168001495095 0.1359668630553575 0.10856699980360833
3 0.8115326793203659 0.39704175174851586 0.12273882096198285 0.09599427693097136
3 0.6537957740304592 0.36798953512239485 0.10473227360693613 0.08183178298109546
3 0.7933356871422865 0.3203474415418614 0.0964647472985769 0.07397383118569749
3 0.6638070818382623 0.2766105561996337 0.07900423151356151 0.06918633723582168
3 0.576344879193309 0.2620344509116353 0.07028167889684286 0.05351588544042354
3 0.4909611160391293 0.26544527634179615 0.06706567363517095 0.051935204722264317
3 0.7809490792074264 0.27807358313060504 0.07009966837349921 0.05039088544042354
3 0.6782181923333711 0.24387077907227067 0.060542657850155376 0.047211343285945874
3 0.6786578080901519 0.20948668871319104 0.052275131541796326 0.03935339149054782
