3 0.9411184984175989 0.4501968804756091 0.11776300316480218 0.14181083693238997
3 0.9142365538027202 0.32769491844297294 0.10711061151914833 0.11370914772027056
3 0.5615900438007805 0.3025354333893273 0.09049719636645773 0.08139355518880328
3 0.9326680762224955 0.20681373338003856 0.03848841515269079 0.033973180913749526
3 0.6644285171289415 0.15639229396742657 0.03172823212215263 0.02724958423309749
3 0.6950407883407687 0.1462118105641661 0.028475686364518183 0.02545028589277143
3 0.5661185628865759 0.1654139416876971 0.09448306576151388 0.11119945435896632
3 0.3998875271308811 0.2283194512354667 0.1593425333397988 0.1828861228251612
3 0.18714815319389702 0.3088986354732085 0.28922096516238904 0.309190358927714
3 0.978602845308291 0.2735859136690882 0.042794309383418036 0.13934776514684702
3 0.9672986834895803 0.23529300827514782 0.06540263302083957 0.11901195435896632
