3 0.740625 0.875 0.225 0.125
3 0.8734375 0.6453125 0.1296875 0.103125
3 0.7890625 0.55 0.0953125 0.0796875
3 0.603125 0.509375 0.0875 0.0765625
3 0.4609375 0.715625 0.1484375 0.125
3 0.2203125 0.7953125 0.184375 0.146875
3 0.2140625 0.5875 0.1203125 0.1125
3 0.4453125 0.603125 0.121875 0.1140625
3 0.096875 0.53125 0.0890625 0.06875
3 0.1734375 0.4875 0.071875 0.05
3 0.265625 0.5125 0.090625 0.0796875
3 0.3734375 0.5359375 0.0875 0.06875
3 0.490625 0.559375 0.096875 0.078125
3 0.478125 0.5015625 0.0734375 0.059375
3 0.384375 0.4828125 0.071875 0.0640625
3 0.5 0.453125 0.065625 0.0515625
3 0.575 0.4265625 0.0546875 0.0453125
3 0.26875 0.428125 0.05625 0.046875
3 0.340625 0.4359375 0.053125 0.046875
3 0.390625 0.4125 0.0453125 0.034375
3 0.440625 0.4046875 0.0375 0.0328125
