3 0.4015625 0.6069967754020291 0.0609375 0.04708560015828454
3 0.453125 0.5874033409205776 0.028125 0.024255853919208193
3 0.571875 0.6088273630239012 0.034375 0.029125210345699058
3 0.803125 0.680399800804058 0.0703125 0.04735838479802066
3 0.74453125 0.6599448968057076 0.0296875 0.02430131802583091
3 0.78046875 0.6641155712580293 0.0515625 0.03743781551854859
3 0.46171875 0.5814033935070023 0.0203125 0.016216033386094963
3 0.52421875 0.5761907077719096 0.0109375 0.009693248746358662
3 0.51640625 0.5720571372387961 0.0125 0.014426212852981379
3 0.1234375 0.5692166644231917 0.0203125 0.03340353338609496
3 0.15703125 0.5694128927155795 0.059375 0.03922763605166182
3 0.18359375 0.570185782528165 0.0265625 0.024210389812585477
