3 0.103125 0.784375 0.128125 0.0984375
3 0.0265625 0.6890625 0.0515625 0.128125
3 0.4546875 0.6484375 0.078125 0.071875
3 0.4671875 0.509375 0.053125 0.078125
3 0.321875 0.6109375 0.1109375 0.134375
3 0.1578125 0.55625 0.071875 0.0640625
3 0.2203125 0.5109375 0.040625 0.0421875
3 0.2921875 0.5296875 0.053125 0.040625
3 0.34375 0.4640625 0.0390625 0.0296875
3 0.3890625 0.475 0.0359375 0.053125
3 0.4046875 0.434375 0.034375 0.0296875
3 0.4296875 0.4234375 0.0265625 0.0234375
3 0.478125 0.415625 0.025 0.021875
3 0.4359375 0.4078125 0.0234375 0.0203125
3 0.5828125 0.4171875 0.028125 0.03125
3 0.5640625 0.3625 0.015625 0.0171875
3 0.5546875 0.4625 0.0296875 0.0265625
3 0.6078125 0.453125 0.0359375 0.0296875
3 0.578125 0.50625 0.046875 0.0421875
3 0.6515625 0.503125 0.053125 0.040625
3 0.721875 0.5609375 0.0765625 0.0734375
3 0.6546875 0.6203125 0.06875 0.075
3 0.84375 0.6875 0.1015625 0.1015625
3 0.8109375 0.778125 0.1203125 0.1109375
3 0.8171875 0.4359375 0.05625 0.034375
3 0.26875 0.45 0.059375 0.053125
3 0.1921875 0.525 0.0578125 0.0546875
3 0.45625 0.36875 0.015625 0.0125
