3 0.6428257022290211 0.8894372882456528 0.1039341368892682 0.1521261022629364
3 0.30611329859053 0.7031533128389331 0.08758139081820956 0.13641019867214013
3 0.44199083250326077 0.6188106499765589 0.07918669396136266 0.12386474687674216
3 0.6445379437519657 0.6746617159387499 0.07093754631872748 0.11444429508134384
3 0.5664771021479679 0.5414310594210876 0.05720037799792799 0.08780907220870696
3 0.6351350568626976 0.5230855804001304 0.05371150496239867 0.0799783914905479
3 0.5982857202210985 0.46976059250037894 0.04226458271265763 0.06897725897699036
3 0.4262287837033337 0.464854403001621 0.050586504962398846 0.0799602107723885
3 0.49476045988201617 0.4605668788011242 0.05036818114108108 0.07527271077238851
3 0.5085297074008168 0.4208140323919204 0.035141287427387445 0.05019089754067192
3 0.4659034057054058 0.3776089330558503 0.03550516046291676 0.05800339754067192
3 0.5793323589723934 0.414977643730043 0.037140435070022446 0.059574987899751616
3 0.6395956168302763 0.38408671291368784 0.028818512820281583 0.048592036104353475
3 0.5805652191876411 0.3743708244482022 0.028672963606069857 0.04546703610435347
3 0.5091247127775003 0.34974300828961935 0.033578787427387444 0.050181807181592396
3 0.5476777905277593 0.33903276726660986 0.02696491439185813 0.04233294574527387
3 0.5198053475998539 0.31075323116225634 0.023548815963434677 0.03606476502711464
3 0.6211687944567007 0.32383955932289166 0.023548815963434677 0.03606476502711464
3 0.5813785483856422 0.3079873003459012 0.020351041356328814 0.03448408430895542
3 0.5129902673683956 0.28181516490547764 0.01849744292790554 0.02822499394987581
3 0.6051777673683956 0.28235149609117516 0.01849744292790554 0.02822499394987581
3 0.5719842777074777 0.29074980337096334 0.02176799214211709 0.03136817466803503
3 0.597418771297337 0.26668558947531684 0.0168621683207995 0.0266534035907962
3 0.7957150301886771 0.33188438436026907 0.04720463978475227 0.040888620413308895
3 0.7297625444567007 0.3244713392789251 0.04215326674922295 0.033048849336070066
3 0.7592852245643247 0.30433610128097766 0.03412244292790554 0.02831589754067192
3 0.6954581650110306 0.29224919173825314 0.03568494292790554 0.02832498789975162
3 0.7066482220831253 0.26419691461089007 0.02750856989237622 0.020467036104353475
3 0.6456914514049608 0.24665943578632482 0.02431079528527036 0.018886355386194254
3 0.651322867244561 0.23341454722264326 0.021040246071058633 0.015743174668035032
3 0.6289020576912672 0.2215685321955286 0.017769696856846907 0.01259999394987581
3 0.6006678957806083 0.21906115573209553 0.01784247146395277 0.01416249394987581
3 0.5875343490475959 0.25569354732083915 0.01515411910658777 0.023519313231716587
3 0.5134054902800903 0.2404225504440971 0.01359161910658777 0.023510222872636887
3 0.566950021297337 0.2665083274732643 0.01849744292790554 0.02822499394987581
3 0.5363892260120666 0.24758561065075155 0.01359161910658777 0.023510222872636977
3 0.5571918775836433 0.24145833049832638 0.011883569892376222 0.020376132513557365
3 0.5766503529765374 0.2400094599868216 0.013446069892376223 0.020385222872636978
