3 0.6632118504476378 0.32601213391154954 0.293467290921658 0.21895218403881636
3 0.24603427413143514 0.353531890634956 0.23812502649368783 0.19956583736472577
3 0.08873266170289786 0.16856763932209143 0.17124506134007816 0.16286472135581714
3 0.7709102446425223 0.1872030778962775 0.22226192431676955 0.14783970536281682
3 0.5696726376562807 0.1317086979233217 0.2028571598887993 0.1288715293602715
3 0.3117782921027844 0.1323648679583201 0.16141370435383653 0.10496131468808993
3 0.7968700547166561 0.10249172322568678 0.2072718413771451 0.1211135733609078
3 0.6031994110699257 0.043820535964365276 0.1563988221398514 0.08764107192873055
3 0.7397098299443996 0.054699660566550054 0.18178076805616747 0.10676017202418071
3 0.42568453547936247 0.08180069927595719 0.1441170769491748 0.10163632001909004
3 0.4453869110699257 0.04239039797502388 0.15450893992586626 0.08478079595004775
