3 0.36638255541946474 0.3829266389222251 0.04288101282028158 0.04985615626060227
3 0.6442186110438172 0.36524066423478657 0.04266268899896417 0.04516865626060227
3 0.6994133792407823 0.3898612075186974 0.05596320967712849 0.06279266587924912
3 0.650476995661283 0.8021057471744111 0.12533394789030422 0.11201390507947587
3 0.6077202231210916 0.6112426449974929 0.0796190334984459 0.06829862141421188
3 0.6834522772977022 0.5309400753047122 0.058578787427387445 0.051964293283910834
3 0.7931547630296786 0.5277282844678721 0.066536836641599 0.05536211179556503
3 0.5645952694398193 0.4954886702252364 0.052037688998963993 0.04549603847458741
3 0.5502994830458892 0.44960325135076235 0.035757717535011224 0.030887901451278843
3 0.5989381902418183 0.4301736942718534 0.03746576674922295 0.03406746515360979
3 0.6877095918133949 0.43953382530471236 0.04066354135632899 0.035739092558271325
3 0.6407639712590649 0.4058111005324557 0.03077911910658777 0.024474210344286363
3 0.6227053300265706 0.3903125861044855 0.024456344499482086 0.022693455534962846
3 0.5632211681159118 0.39058291541591295 0.022821069892376044 0.02107639183263199
3 0.14066115570991497 0.5753695661494016 0.06839043507002258 0.06166667549789597
3 0.28959742349259526 0.45223714491267486 0.03419521753501131 0.0308333377489479
3 0.3430520632773476 0.41341274708959314 0.024456344499481995 0.022693455534962936
3 0.401665083955512 0.39824410407583477 0.024456344499482086 0.022693455534962846
3 0.44617921733012356 0.3833656377410987 0.022748295285270358 0.01951389183263199
3 0.35324254652812453 0.4466344748570745 0.03255994292790536 0.02921627404661713
