3 0.2253332925928325 0.4407403424387609 0.22777354000775868 0.22100018689433423
3 0.43100856305575375 0.6502853151993527 0.2750628703131401 0.28645022427320105
3 0.4342298025947722 0.47798969811907366 0.18746753333979882 0.1840029314464525
3 0.6432699627464931 0.468872152190232 0.2171230824314133 0.20471962303236388
3 0.6849784569966172 0.6718114818916442 0.3036980533436783 0.2946669158591124
3 0.9514822359151743 0.32188898348112815 0.09703552816965129 0.13675659084927708
3 0.3912302621279716 0.15335568487752188 0.22515898091420458 0.15090620818165773
3 0.6759878994008751 0.13815774773108608 0.0845022878817268 0.08358803218308677
3 0.7541288748550679 0.12326508522616846 0.07841178454774678 0.06607275025210155
3 0.658370093641301 0.08596146320221083 0.07554187606301603 0.06897922896477807
3 0.4426166453179892 0.3689753310387946 0.08628792848861018 0.10546303218308672
3 0.40559616681968064 0.021591504691577 0.07815669303247788 0.043183009383154
3 0.26589593803150796 0.02454689590917115 0.10366687606301594 0.0490937918183423
