3 0.8578125 0.74375 0.159375 0.14375
3 0.359375 0.70625 0.11875 0.1109375
3 0.5734375 0.61875 0.1140625 0.096875
3 0.7 0.51875 0.109375 0.10625
3 0.1109375 0.746875 0.1265625 0.121875
3 0.2015625 0.55 0.103125 0.0921875
3 0.3890625 0.503125 0.0953125 0.09375
3 0.496875 0.4625 0.075 0.065625
3 0.6546875 0.4421875 0.0796875 0.0703125
3 0.25625 0.4546875 0.0765625 0.084375
3 0.3015625 0.365625 0.0453125 0.0453125
3 0.1734375 0.278125 0.0359375 0.028125
3 0.396875 0.3546875 0.05625 0.0484375
3 0.5 0.378125 0.0625 0.059375
3 0.5921875 0.353125 0.05 0.05
3 0.490625 0.30625 0.040625 0.0375
3 0.5390625 0.28125 0.0375 0.03125
3 0.978125 0.3546875 0.04375 0.05
3 0.978125 0.31875 0.04375 0.0359375
3 0.909375 0.2828125 0.0421875 0.0359375
3 0.778125 0.265625 0.0375 0.0359375
3 0.8359375 0.2390625 0.0328125 0.0265625
3 0.734375 0.2484375 0.0296875 0.0234375
3 0.79375 0.2421875 0.0359375 0.0328125
3 0.7625 0.2078125 0.0296875 0.0265625
3 0.7015625 0.228125 0.0296875 0.0265625
3 0.3703125 0.2328125 0.025 0.021875
3 0.4203125 0.21875 0.025 0.025
3 0.4625 0.2078125 0.0265625 0.0234375
3 0.5109375 0.2078125 0.025 0.021875
3 0.40625 0.278125 0.0625 0.0890625
3 0.4953125 0.1828125 0.0203125 0.01875
3 0.4640625 0.190625 0.021875 0.01875
3 0.4234375 0.1828125 0.01875 0.015625
3 0.6875 0.1921875 0.0203125 0.015625
3 0.6875 0.21875 0.025 0.0171875
3 0.734375 0.1953125 0.021875 0.0140625
3 0.66875 0.1765625 0.0203125 0.0140625
3 0.628125 0.1765625 0.01875 0.0140625
