3 0.4868859305757244 0.5542673453769126 0.08385710085908257 0.11073867694751698
3 0.4902366598835096 0.46054461891586296 0.07851450361804453 0.09815685633066593
3 0.6474792718238687 0.4835576047124034 0.0750619549975255 0.09185230925276536
3 0.7913554245828307 0.493534802359497 0.09858134215265543 0.09382391233702041
3 0.769479345320474 0.6726592406710997 0.19042136137453233 0.17816373051823947
3 0.625990453415646 0.3723161416440344 0.04637038896415202 0.050763659090609536
3 0.6952727199239893 0.3609598559302195 0.04604284034363317 0.04451365909060954
3 0.689422189620836 0.30876611039444635 0.03773901741285446 0.035002291395857824
3 0.7367442469477823 0.2845240409954113 0.0329696302577247 0.03335797077900686
3 0.6351441253964848 0.30190818425770827 0.04036605042954129 0.0553420649348082
3 0.6840220386708963 0.2479786148586732 0.022857645861557075 0.01913182954530477
3 0.6891565959978425 0.22447293101129734 0.018170145861557074 0.01905000892845372
3 0.6384262556542095 0.26906841071875787 0.024420145861557073 0.019159103084255058
3 0.6454951272055072 0.2533343165629566 0.023103307326946165 0.023819329545304767
3 0.530712252940676 0.34353835105895547 0.07259869629109836 0.07463753571381497
3 0.6517418051792397 0.23839510917663037 0.021295145861557074 0.019104556006354478
3 0.6548225395754075 0.22429169886820483 0.01628009724103805 0.012772735389503432
3 0.6285057010407967 0.2200678490303606 0.017924484396167804 0.014362508928453721
3 0.6600832496613157 0.21327237825135378 0.01471759724103805 0.012745461850553141
3 0.9307953035973601 0.7073091558507892 0.0668400192218769 0.08390344155801355
3 0.6804499813439501 0.27145702516709874 0.013728307326946165 0.023655688311602675
