3 0.2264622785573623 0.6154347038190568 0.05242095391148131 0.08441855866619044
3 0.4546357967006493 0.5723027908099361 0.21679368661666612 0.29468905917039334
3 0.7196552039579641 0.5429002420311029 0.12179567049962933 0.11411676634364483
3 0.3136683355791214 0.5239249109923083 0.09087786116879606 0.0979783141140718
3 0.6208061837884269 0.4302359870874243 0.08040925287472209 0.08482275025210165
3 0.3925827304425934 0.37631258363668457 0.051522835249814755 0.05640281930985207
3 0.4113026276151396 0.30434474848739074 0.05757734561740726 0.07235560124083724
3 0.584251403534121 0.25342746865009247 0.02351541244111104 0.020279649011264313
3 0.5459605916113895 0.27396384377614325 0.011288814514629663 0.022530563861970342
3 0.39621416130981535 0.25492925653316245 0.01855451036759259 0.01682686708027905
