3 0.2791750814100632 0.4389552001362856 0.231531040252776 0.2256085888732951
3 0.13623290762020202 0.32737032621013884 0.22438028154634876 0.208093540252776
3 0.4821872167561706 0.3813120392367232 0.21501192559888338 0.17799660447712728
3 0.25662289348670786 0.15811463591193434 0.14660276232447184 0.12143234396167765
3 0.1468993334462281 0.06750732530562771 0.13533771370395287 0.1146091338757694
3 0.5641288562861495 0.22582227781676245 0.17209408525525038 0.1321175384437537
3 0.4779656269783644 0.13633040988350958 0.1515359237898611 0.12636550542706693
3 0.3437710114199607 0.07207423733684384 0.12966756784239591 0.09561347241038014
3 0.8815630970138955 0.3932842582562014 0.19782442559888339 0.17709584577069998
3 0.7631594985296619 0.5659581976498946 0.47368100294067617 0.5304819538658719
