3 0.19261311931095557 0.17390418858467924 0.24638519867918127 0.10361311331561959
3 0.32868150588800515 0.840755702438418 0.288645424013363 0.11182802770747777
3 0.84338089990455 0.7427871608726923 0.29949420671545257 0.37312940074300693
3 0.42661375994591155 0.41852329156121665 0.3519828600413618 0.3209162373846063
3 0.7100138692314137 0.7842575692686944 0.13817380402608972 0.19851889081820956
3 0.44762405191759475 0.6282086606678045 0.11620789735836254 0.18968754631872747
3 0.39035118531191004 0.1760789263835702 0.11800566000954511 0.0757705955329393
3 0.6577199513049103 0.24012227150222473 0.1175158586887262 0.16788532092583344
3 0.6132336072963198 0.30136583250326077 0.11600790268936265 0.17250004631872756
3 0.699805811943048 0.4523525978047417 0.15398061736154425 0.2148716368892682
3 0.8724706052673668 0.5268368291934918 0.13964539735836254 0.19077916542531542
3 0.9719080786123662 0.4454841294411609 0.0483658693507266 0.13030823821317572
3 0.9648051979630926 0.31695886910207866 0.06573518268618095 0.14673375889134022
3 0.8472364373010924 0.27708938626558643 0.12701812802354445 0.1792594685684686
3 0.8528677246180931 0.3977293719975628 0.1379919906906352 0.18289389081820956
