3 0.4386235821594104 0.7989485946815013 0.12794577488562506 0.1301996285298145
3 0.5248864308488894 0.7147985667056826 0.11170252583555573 0.10318248746358769
3 0.9302070976426393 0.5860624305875138 0.1312889804327085 0.13966555674305994
3 0.4837119977188893 0.488752892253361 0.09742182028847228 0.09339831050398359
3 0.5253890450215976 0.4009633872387961 0.08637521751493064 0.08839256175762475
3 0.8797135223201739 0.4292297573888334 0.07997974715020817 0.08196070533113406
3 0.7185552039315628 0.28088788261994263 0.08946384992375016 0.0869209899708702
3 0.20009875750253509 0.4125778710079671 0.09102634992375007 0.0869664540774929
3 0.015612695097847473 0.30181255258642475 0.018860409194305615 0.07237510517284954
3 0.355745426196146 0.22348794193679195 0.08477634992375008 0.08678459765100204
3 0.5780003262723958 0.14563704123714666 0.08292290919430556 0.07423913354437942
