3 0.8421875 0.83125 0.23125 0.203125
3 0.8859375 0.7265625 0.1578125 0.125
3 0.4609375 0.85 0.20625 0.153125
3 0.334375 0.740625 0.1953125 0.1484375
3 0.6234375 0.70625 0.1546875 0.140625
3 0.5609375 0.628125 0.1296875 0.109375
3 0.8578125 0.515625 0.0703125 0.0578125
3 0.978125 0.5046875 0.0421875 0.046875
3 0.040625 0.6078125 0.08125 0.0875
3 0.2375 0.5546875 0.0921875 0.0703125
3 0.0171875 0.5421875 0.034375 0.0609375
3 0.3234375 0.54375 0.0734375 0.0546875
3 0.1625 0.5359375 0.0734375 0.0578125
3 0.2578125 0.50625 0.0734375 0.05
3 0.359375 0.503125 0.0703125 0.05
3 0.459375 0.50625 0.0734375 0.0546875
3 0.6484375 0.4859375 0.0578125 0.0421875
3 0.09375 0.309375 0.1453125 0.046875
3 0.9796875 0.465625 0.0390625 0.028125
3 0.9078125 0.4625 0.0546875 0.03125
3 0.821875 0.465625 0.05 0.028125
