3 0.653125 0.8625 0.1125 0.146875
3 0.33125 0.8234375 0.1171875 0.1421875
3 0.3 0.6546875 0.0734375 0.053125
3 0.765625 0.8125 0.1171875 0.1265625
3 0.709375 0.7140625 0.0859375 0.075
3 0.61875 0.6296875 0.0359375 0.0375
3 0.55625 0.5875 0.028125 0.0265625
3 0.46875 0.578125 0.0296875 0.0265625
3 0.453125 0.628125 0.04375 0.059375
3 0.378125 0.5921875 0.0375 0.03125
3 0.3296875 0.59375 0.04375 0.0328125
3 0.1640625 0.7125 0.0765625 0.125
3 0.49375 0.8015625 0.0328125 0.09375
3 0.4984375 0.6140625 0.0140625 0.0296875
3 0.2421875 0.7171875 0.0359375 0.059375
3 0.6859375 0.6609375 0.0421875 0.0234375
