3 0.28836305291593217 0.5501068986314561 0.08978619629109837 0.07443747334499946
3 0.34708959972742887 0.5072103266231839 0.0795923247398008 0.05870338534372692
3 0.1276335928300239 0.5410329853198643 0.07366987336031983 0.06488066000954511
3 0.04413834011649044 0.46930398333068196 0.041109678878243794 0.03951703333863606
3 0.7113158740376884 0.5060990759070952 0.11511374491161738 0.08097837468172671
3 0.49644779059146027 0.4335535559357302 0.05994156603337366 0.04129770934118149
3 0.3332960153766896 0.4080915739576837 0.03889208163720585 0.02699885200509069
3 0.23675520804974334 0.3857631353039559 0.040700243102595034 0.03170453333863606
3 0.18523697365357555 0.37229152864418286 0.02261198439616776 0.01431703866963625
3 0.33778544154139994 0.374425098623502 0.09250176051544959 0.06666133601209037
3 0.18969210029325573 0.3081381219764556 0.03840075870642727 0.01762385200509069
3 0.08224809249133962 0.31642388399109134 0.03988137155129752 0.016079533338636053
3 0.044212503956728884 0.3215568266629547 0.04785764586155702 0.019295440006363317
3 0.02347063602347598 0.40309772799968185 0.0058339201718165205 0.02192954400063627
