3 0.5842441134229504 0.6668651620782692 0.08361247867599957 0.06971361067790856
3 0.4464986654200869 0.64417145472627 0.09476815467854482 0.08859088001272682
3 0.04320039540895107 0.5574585113383179 0.06478975334181779 0.0632454346753633
3 0.37645779073836033 0.5324339760502704 0.06311816534054512 0.05385225334181776
3 0.4629674554025877 0.5154742900620426 0.05684998400699968 0.052217028007635946
3 0.38811235872849714 0.459923176718634 0.04578521467218159 0.04115225867281787
3 0.47080668006045184 0.45073053739654256 0.06504429201145392 0.0851204346753633
3 0.7988884160964046 0.7193560047739951 0.24518742003499838 0.260630606699544
3 0.40737088872531546 0.436712943387952 0.04578521467218159 0.04115225867281787
3 0.4297726000556793 0.41510157272436105 0.03944430800445424 0.03326703333863605
3 0.4953612373885884 0.4127401887332697 0.036355670671545326 0.036355670671545326
3 0.49427999538508854 0.3869498480664969 0.03315794533736351 0.03006930800445442
3 0.43336976738540667 0.38858452605822463 0.04589430267345414 0.05052725867281786
3 0.34489761338317954 0.37115103071290695 0.029978401336727068 0.025345445337363513
