3 0.2452897992094237 0.8427166629706531 0.20107519454068407 0.21726163666229362
3 0.2698824626035997 0.5965542945124491 0.14265647881213822 0.1500139525037792
3 0.29038540742663244 0.5074308813300348 0.12208637357870131 0.11767188936371689
3 0.34180442328223515 0.4411303181193853 0.10618835779368574 0.11207433674699843
3 0.4089016470444632 0.3632853101562904 0.09553928413027997 0.08965330517696728
3 0.44789625761015905 0.3242906995905944 0.0904877630835923 0.0831302893919517
3 0.5394691075819242 0.35921100213672574 0.09544827886860804 0.08809080517696728
3 0.578008691839261 0.31240389157102977 0.09048776308359248 0.0831302893919517
3 0.6968419918251435 0.33411853882725434 0.09343075256024883 0.08018729991529536
3 0.6926997943712749 0.42341625725722326 0.09921031570031094 0.09921031570031094
3 0.8306632549793231 0.3458057387001975 0.08883425782192056 0.08147678413027978
3 0.9244521458702195 0.49745080966218025 0.15109570825956098 0.1314305524755442
3 0.7962104731975306 0.556356830850042 0.17675846302712267 0.14732856826055957
3 0.570959844215983 0.5790530652767879 0.29012082594130606 0.4093118997458863
