3 0.8116348026372311 0.617753706667172 0.13475704827462992 0.1179238190854491
3 0.8129138073288079 0.4350230198988885 0.07021394703379258 0.06600679508134402
3 0.71806012923655 0.46336566763595216 0.06152736188449896 0.05346134328594587
3 0.7652739828231758 0.4238128091265 0.05349634059717552 0.05029089149054773
3 0.6524622624083726 0.5192111466569092 0.07701025025210165 0.07385565651766228
3 0.682008014754161 0.4280139749157404 0.049715776735205 0.040897710772388504
3 0.4012378880386264 0.7012686259724538 0.11691398441265974 0.1084488251355733
3 0.30679983716610626 0.6015408158639952 0.0902750747577337 0.08486587939029935
3 0.4451632146379455 0.5476805385402403 0.06519866510280767 0.06129202400410509
3 0.4721849005238735 0.4650589360809124 0.04357503737886681 0.04242384933607006
3 0.4109742489147193 0.4607981620768073 0.0383412341605581 0.03458407825883114
3 0.4817184376506389 0.4338771137740095 0.03477919158591121 0.02831589754067192
3 0.46230751994994107 0.39081291500367354 0.0217328883676025 0.020430674668035033
3 0.4989880651224782 0.37931233362158434 0.021514367080279227 0.01730567466803503
3 0.6006487541104993 0.42597877624360025 0.043465776735205 0.040861349336070066
3 0.6553691050992351 0.4044310291704665 0.04324725544788173 0.03773634933607006
3 0.633417695444309 0.3808753545024315 0.02987317029858776 0.025163626463433085
3 0.5875260412372646 0.39466514373004297 0.03143567029858776 0.025172716822512698
3 0.6189892086858608 0.36439183645025475 0.026311127723940862 0.018895445745273864
3 0.5662466209386768 0.3695515142415477 0.024748627723940864 0.018886355386194254
3 0.6073961448238905 0.35495320393669744 0.02307686708027923 0.017314765027114643
3 0.7214804241569854 0.37826395979042987 0.09260239926336596 0.09581246974937896
