3 0.15434620440013452 0.8837226148553778 0.15706909084927706 0.12602848620028234
3 0.04180903859019839 0.8054221112019299 0.08361807718039678 0.09686709172016919
3 0.25398520750222764 0.7532344995962582 0.1307579631253363 0.10684210957707699
3 0.41737571814588936 0.7488219147759476 0.12864915990702758 0.09900233603812651
3 0.4177638482156187 0.8213827073896216 0.1489288089182919 0.1212046185055307
3 0.6134694681458894 0.74539908563768 0.17567697921687966 0.14664099512873605
3 0.8532967926515216 0.730288734178278 0.15619500569998337 0.11352848620028233
3 0.7949704764437626 0.649375699275242 0.14467835149293878 0.12737279788867967
3 0.7557001628338937 0.5860768583658514 0.11814870248167449 0.10506142126547413
3 0.5773459338691156 0.6594167211893392 0.13032092055068922 0.10059210957707698
3 0.4062739632022108 0.6397741972433517 0.11324268119435103 0.10185460064862309
3 0.24938482483460828 0.6628004143689106 0.10255655347041026 0.08294095941492116
3 0.1771106231092384 0.5470175016248531 0.07791718639013112 0.06534435633066593
3 0.27610014414446027 0.6155163112846556 0.09063570767745457 0.0686875446422686
3 0.2714179979831876 0.582045292209932 0.09252598960843983 0.07340231818121908
3 0.287774971500084 0.548987330359379 0.07268338317182241 0.057450035713814886
3 0.29760879340782614 0.5199447126646273 0.07123014381548423 0.05898526217486459
3 0.3040444637064139 0.4948628920477763 0.06265281930985207 0.04791139448011279
3 0.3164951872233104 0.46187311404459896 0.05607503737886681 0.04311480032431163
3 0.4069345169247226 0.485263975246529 0.07813570767745456 0.06846935633066593
3 0.4104694263275471 0.5351412443212524 0.08616672896477802 0.07173072402541773
3 0.41042586766135675 0.5803991972433516 0.10233803218308672 0.07981595941492117
3 0.5568802505810777 0.5950093478125446 0.09975933540139544 0.08757391233702023
3 0.5401569263275471 0.5328775405883742 0.08482275025210165 0.07482845048646727
3 0.5018153281888029 0.4562974496789837 0.0694491225281606 0.05583298863591431
3 0.48910216074020685 0.42608779829901194 0.05763753737886681 0.04314207386326192
3 0.44818758363668465 0.41977929708119593 0.05138753737886681 0.04303297970746058
3 0.5908285517056994 0.4219712682672398 0.06109031930985207 0.04788412094116268
3 0.6281757323958473 0.468137156254531 0.09576025025210164 0.07501936525911965
3 0.6722645859824732 0.5071627000860207 0.09041718639013112 0.0655625446422686
3 0.6931344608564223 0.5434723470017657 0.09877598960843983 0.07351141233702023
3 0.7178941602360037 0.5687899468396099 0.09765053218308672 0.07973413879807012
3 0.5578575145789341 0.3913349228936225 0.0631991225281606 0.055723894480112966
3 0.3962973017056994 0.4253668238665572 0.0461537341605581 0.035138659090609536
3 0.5160631345092048 0.3194968790621327 0.03165419158591121 0.028643197240056394
3 0.48337096680850705 0.36298382630218917 0.040012994804219916 0.0365920649348082
3 0.4456852965099193 0.388611117698047 0.04291947351689647 0.03352161201270878
