3 0.3347277233443297 0.41685041619110985 0.048193459092057724 0.04886447510489074
3 0.42014238611816895 0.4413311205500762 0.030460389812585476 0.028812084233097578
3 0.52651440657214 0.4720977137062433 0.03716503087881247 0.04491068091374952
3 0.4842814424655174 0.47046343611184166 0.03854567445232178 0.03877908008391255
3 0.5580766436400163 0.5175528462796668 0.0844779515702104 0.11709425684847723
3 0.6101248769469688 0.531675468480128 0.06101170783841638 0.060749168466194804
3 0.49797421793405333 0.5380536778134719 0.06101170783841638 0.06074916846619498
3 0.3603294654267709 0.5057003512540442 0.05150031551854841 0.05535127344521662
3 0.7241633302330388 0.756417204582681 0.1586883413827959 0.1492215178461393
3 0.13296768039132342 0.6505472195058133 0.1473416644231918 0.13433022365499828
3 0.5255152300747543 0.8024364091421401 0.14016566191590946 0.15561322780418294
