3 0.03954005475267537 0.7195943373249549 0.07908010950535074 0.05768632535009015
3 0.31929290176264147 0.6091086339513204 0.07441781153562221 0.06488066000954511
3 0.32008224861572404 0.5115160186187294 0.04262759099298643 0.031722714672181594
3 0.4054084793373926 0.49569047660727544 0.033052331893687635 0.02848862667090888
3 0.4296865885289763 0.4579359379376392 0.022976425046142522 0.017442038669636162
3 0.37865501465485296 0.4624330812778662 0.024438795496493172 0.015897720003181702
3 0.3622685510520475 0.45013307594686613 0.02287629549649317 0.01587953866963616
3 0.6157661860003677 0.5510121339115495 0.05602875693983034 0.04593066534054522
3 0.550079431681431 0.46746438458786727 0.021514054595791875 0.018986357336090796
3 0.568648958979327 0.45788029925209467 0.01818879549649317 0.015824994668999892
3 0.635977358887042 0.49144622990932235 0.09456962523071262 0.08697383601209037
3 0.18673882248984736 0.509164272636865 0.2006379549649321 0.15846812269254434
3 0.40309381015134615 0.4465353612746846 0.02131379549649317 0.01586135733609062
