3 0.29894178839157115 0.4015646893698165 0.13305114357108563 0.10770450668363551
3 0.2511294051934477 0.2753379966979531 0.10421574855010754 0.09800224267981754
3 0.14727808030762718 0.6971937206794994 0.1463799377622268 0.11878745735199914
3 0.4161357466992297 0.7635476160486796 0.18122853444287887 0.12543744668999893
3 0.9573435163962468 0.5859178907940396 0.08531296720750632 0.14518632535009016
3 0.8528722717948316 0.43923270011135856 0.16380423610255299 0.12211245202099903
3 0.9123997145314359 0.3595275661202672 0.15227474025173748 0.11417268268618094
3 0.6382420093472769 0.46015208541531444 0.14578794191141178 0.11097495735199914
3 0.5754800549883106 0.3735600574076784 0.13485044191141177 0.11084768801718106
3 0.4912979995990147 0.5708430427275426 0.37964456888575776 0.25107488804899775
