3 0.46540541148763215 0.8002006398802118 0.17291130093507637 0.19014367080279088
3 0.2500253303019347 0.6929898013767233 0.16181017447164328 0.16125384629715872
3 0.11655325838781525 0.43610102698730663 0.07846134328594587 0.06327553218308672
3 0.46035377624360035 0.6030524882710575 0.12097609621281222 0.12247556956195353
3 0.45518448721238053 0.5199122063400723 0.09578519867214012 0.08791489926336578
3 0.5815651800307882 0.4975123184766728 0.08793633723582168 0.08111859604505725
3 0.557041903001621 0.44347502849991594 0.07221134328594588 0.06283848960843982
3 0.6562162429679171 0.7112413187287745 0.15228063836728972 0.13403578243518838
3 0.44961522238165763 0.3680219244090871 0.058076120413308986 0.049355143815484226
3 0.42270728873663216 0.30678949346683754 0.04396816861791084 0.040559298022528625
3 0.5297976260706496 0.3244300975576665 0.058085210772388506 0.05091764381548423
