3 0.7513307632613281 0.654763295233959 0.12202341567683295 0.1138817813494537
3 0.7056568989172787 0.5622945319064588 0.17452394154108042 0.20040108402290802
3 0.5405296555811961 0.6619052752625942 0.15302937476889084 0.1595397266868172
3 0.37560934923384776 0.6880512466184113 0.12514841567683294 0.11391814401654479
3 0.36767717728880855 0.6303114719525931 0.10030152837152997 0.06520792401336309
3 0.40074207838416526 0.5580273919478206 0.12408602084968265 0.13108746268299926
3 0.5469267565974105 0.5594524372613214 0.08669366943775678 0.08066929201145392
3 0.6188579294003796 0.4531109832511401 0.06574467194503911 0.0585579346753633
3 0.5846898663891136 0.38004620058882177 0.07584709765100221 0.08366702267663592
3 0.41495167940037964 0.4554836472788207 0.07405727711788863 0.07583634134309047
3 0.37987799742621053 0.4855893179503659 0.07075042069139795 0.06954997867599957
3 0.5262756243066724 0.46747402259709414 0.15095004922121244 0.19544086401972632
