3 0.9714069390116267 0.6695621672431687 0.05718612197674666 0.11618860226293623
3 0.6286562896409709 0.587774794295777 0.11787642946385687 0.1334397347764938
3 0.9299372149556431 0.7300906010845859 0.0857258576783142 0.0801511083130606
3 0.8447101099766213 0.7389656313352069 0.08380816016782511 0.0754545179539809
3 0.8305022095570583 0.551465631335207 0.08200886182749904 0.0723204275949012
3 0.6750558477295593 0.47871795686356367 0.07024256763635783 0.06131929508134402
3 0.4675985452400484 0.4821964391059745 0.07239706348717298 0.06914088544042354
3 0.5395434776036904 0.4217043667008758 0.06628877344521662 0.050363614363184796
3 0.5602326406713006 0.30312708352338846 0.060157172615379825 0.05188975292686617
3 0.3780102912913561 0.2067964633064713 0.054877676764564676 0.044049981849627426
3 0.29273840996733247 0.359357861043535 0.06735436597668398 0.06442611436318471
3 0.155139631123531 0.13053290339440443 0.043466580083912555 0.03773634933607006
3 0.21430114357108562 0.10744992739850953 0.04815408008391255 0.03776362041330894
