3 0.18867175229830707 0.6514507843849304 0.1641361228251612 0.14887652393569456
3 0.29062349337523735 0.571597670593472 0.12642263527271586 0.12460256933854179
3 0.8824539506339887 0.4498200155801381 0.12699132033565022 0.1526912017473613
3 0.670088618274991 0.7044211690748605 0.14671182448483505 0.1453514804327085
3 0.32788761765029106 0.6192532673830901 0.07024256763635792 0.06246493882958344
3 0.4474878773985534 0.5037711249062843 0.04322978174358649 0.035320557370694415
3 0.7968483373565971 0.47685660068624935 0.0553512734452168 0.05120013050895835
3 0.7052402551980921 0.44533580338354106 0.045502676764564674 0.04473192496187508
3 0.7136079396363266 0.3801829288585064 0.03361798340326061 0.031977351823611146
3 0.14679467346379432 0.8011247824850694 0.06974566016782516 0.07649107123840296
3 0.5644959334125492 0.39539296761183984 0.030492983403260433 0.031904616641249994
