3 0.7205274979484716 0.7737002954765275 0.29025622136826906 0.26914190271722305
3 0.8661516516359742 0.4354959126295702 0.162714858706968 0.12582343393541642
3 0.30288233049516666 0.39743547287333997 0.1423386917107738 0.12355160580511537
3 0.4795151091640787 0.2555232474681112 0.10726335475263546 0.10516370435383653
3 0.4678547089737982 0.17791660264025438 0.08248884783255335 0.07153274881887364
3 0.30342745304229923 0.21174350953382884 0.08287084980971962 0.08090774881887368
3 0.13709284581820583 0.3306721027250724 0.1285945266917457 0.13087303248413756
3 0.24259738239578327 0.1537970894782285 0.0761751808363588 0.0697519940095502
3 0.36794489228161503 0.1026115569940909 0.06147601087441492 0.05363592068857255
3 0.44726497775687857 0.08969984002638268 0.06329317885919253 0.05994048439090336
3 0.29552606422072525 0.08017605100364111 0.06316584486680377 0.05681548439090336
