3 0.6459035446615886 0.7243145827498143 0.07046235731976366 0.07109429734245402
3 0.6222048713783902 0.6178464067472691 0.03085189371369381 0.025345445337363513
3 0.6464214673256142 0.5845526487507688 0.022675520678164317 0.017442038669636162
3 0.671601249790603 0.5551742314210414 0.014571922249741043 0.011101132001908987
3 0.6490541617012618 0.5572543520846325 0.017769696856846907 0.012699994668999893
3 0.6254882291124385 0.5374594727482235 0.009738873035529139 0.00792158800127254
3 0.39713425082406034 0.6472413633831795 0.03702911910658777 0.023855670671545325
3 0.32024857319763583 0.7064703653723619 0.06453768899896399 0.044477253341817756
3 0.3056744968951189 0.6617936647039983 0.044914393713693726 0.0255090773392725
3 0.5013636784504849 0.5883305347310426 0.03753854135632899 0.034793170671545325
