3 0.4785493018615089 0.7873867615774273 0.15262019780928676 0.15066358767505647
3 0.5373285714575502 0.6493088728261324 0.12560305674305994 0.133801419354257
3 0.7504303135399915 0.7460705186067406 0.13355194906292792 0.13885279238978612
3 0.7476737234108367 0.8945807932138464 0.1863874440483629 0.18500435442427943
3 0.7837405702039091 0.6498333734453048 0.11550063103709682 0.1083647717116218
3 0.5880309166012699 0.5468409983428609 0.10612563103709682 0.10792812406898662
3 0.79149689740094 0.5445829472666224 0.10929609514371955 0.10963617328319834
3 0.8277131937191585 0.48290273862295124 0.0996483105039836 0.09982452564056317
3 0.6501481348645276 0.4284762961093306 0.09326191818411544 0.09484592721213972
3 0.6306874295333935 0.5058007754311662 0.10585284639736088 0.09855312406898661
3 0.30931854638472556 0.41964268176025377 0.12666545157021042 0.11668669396136266
3 0.10742943745095239 0.39459337014004514 0.12800063103709697 0.10894696856846853
3 0.3182796724072576 0.27298600558157127 0.08968227711788863 0.07907537799792799
3 0.40747255304864316 0.326425682793711 0.09312552586424747 0.09015842721213971
3 0.7193276953685113 0.3362567169113295 0.08513116943775678 0.0835445541766104
