3 0.3206309107187579 0.6279651763403574 0.1285261948044245 0.12209033278320511
3 0.4521985105566021 0.6445229464615819 0.13551258035608366 0.16475142946385707
3 0.581696870133679 0.5114359140932955 0.10056483603812652 0.12933414772027058
3 0.46437873092857185 0.43840300102568525 0.07310230925276535 0.07575886182749905
3 0.5008304740287131 0.3615202696970172 0.05558752678536116 0.05570647095570589
3 0.4390123125024715 0.32719373650353817 0.04432274431795715 0.03612767676456467
3 0.5052509671288541 0.28706472135669114 0.052053423701106105 0.03203217261537983
3 0.39858790990468373 0.27408131451285833 0.03840002678536116 0.05440408008391255
3 0.22347881574888237 0.293592021571117 0.14009889448011298 0.06991252614450919
3 0.3548379099046837 0.277396491277423 0.04566705600635448 0.023746075934727707
3 0.379130977682161 0.49479655621448854 0.037219356330665934 0.07616068091374953
3 0.5560031692401746 0.41897664957114833 0.03393071509696384 0.06654888257342365
