3 0.1265625 0.74375 0.1484375 0.0734375
3 0.63125 0.6328125 0.0671875 0.0734375
3 0.671875 0.50625 0.0390625 0.0328125
3 0.18125 0.5796875 0.0796875 0.065625
3 0.409375 0.5703125 0.0484375 0.04375
3 0.3359375 0.540625 0.04375 0.0359375
3 0.3125 0.5078125 0.0640625 0.0484375
3 0.3875 0.5 0.0296875 0.021875
3 0.4390625 0.49375 0.03125 0.0296875
3 0.4078125 0.478125 0.0234375 0.0171875
3 0.4609375 0.4609375 0.0171875 0.015625
3 0.6046875 0.4734375 0.025 0.0203125
3 0.596875 0.45625 0.0203125 0.0140625
3 0.540625 0.465625 0.0203125 0.0171875
3 0.575 0.44375 0.015625 0.0109375
3 0.53125 0.44375 0.0140625 0.0109375
3 0.4375 0.4484375 0.0140625 0.0109375
3 0.4125 0.446875 0.0171875 0.0125
