3 0.7842901140992682 0.7854979095780514 0.1594306386855447 0.15009782500983526
3 0.34208498010817684 0.8201475170999496 0.159939716024817 0.19384782500983527
3 0.5443725440801781 0.6282106614196368 0.07271134134309047 0.07690098960843983
3 0.5020026834022696 0.5425027543626009 0.052162484006999674 0.05516810124083733
3 0.5555634880649061 0.5165847465689307 0.04732953333863606 0.04234031930985207
3 0.4873401993952699 0.48995690856964524 0.034720445337363515 0.032091234160558105
3 0.529264070058861 0.47025069594851204 0.026835220003181705 0.025294930942249393
3 0.5134208940563155 0.4504080895118948 0.02367385733609062 0.021951409654926125
3 0.49367146805377027 0.430292331466123 0.020512494668999893 0.0186078883676025
3 0.4158293734086329 0.5833137886393746 0.10154541335136287 0.13980518119435104
3 0.43041803739654255 0.4953438950759919 0.05704997867599957 0.07268338317182241
3 0.43114419605345217 0.4235781557196536 0.02538180800445424 0.03456067029858776
