3 0.9546875 0.6125 0.0609375 0.0421875
3 0.8515625 0.6109375 0.05625 0.0453125
3 0.8671875 0.53125 0.034375 0.0234375
3 0.9171875 0.5296875 0.0328125 0.0265625
3 0.95 0.503125 0.0234375 0.015625
3 0.8390625 0.5015625 0.025 0.015625
3 0.84375 0.4859375 0.0203125 0.0125
3 0.809375 0.5109375 0.0234375 0.0171875
3 0.7953125 0.4921875 0.0203125 0.015625
3 0.7765625 0.48125 0.0140625 0.0109375
3 0.7953125 0.4765625 0.0171875 0.0109375
3 0.775 0.46875 0.0125 0.009375
3 0.9546875 0.4875 0.025 0.025
3 0.525 0.48125 0.0171875 0.021875
3 0.653125 0.690625 0.1890625 0.2484375
3 0.671875 0.4796875 0.028125 0.028125
3 0.690625 0.4515625 0.0234375 0.01875
3 0.646875 0.428125 0.0125 0.0125
3 0.634375 0.4203125 0.009375 0.009375
3 0.2359375 0.6515625 0.0890625 0.053125
3 0.084375 0.609375 0.0859375 0.0546875
3 0.2453125 0.6109375 0.0765625 0.0375
3 0.3625 0.5765625 0.05625 0.040625
3 0.284375 0.5640625 0.053125 0.028125
3 0.325 0.5390625 0.0359375 0.0265625
3 0.5 0.5375 0.034375 0.021875
3 0.5828125 0.503125 0.0203125 0.015625
3 0.603125 0.4921875 0.0171875 0.0125
3 0.621875 0.478125 0.009375 0.009375
3 0.63125 0.4640625 0.0109375 0.0078125
3 0.6328125 0.48125 0.01875 0.01875
3 0.4359375 0.5203125 0.028125 0.0203125
3 0.45625 0.5109375 0.025 0.0140625
3 0.5015625 0.4953125 0.01875 0.0171875
3 0.5125 0.4765625 0.0078125 0.0109375
3 0.5421875 0.475 0.0109375 0.009375
3 0.5453125 0.4625 0.009375 0.0078125
3 0.5046875 0.4609375 0.0109375 0.0078125
3 0.51875 0.45625 0.0109375 0.0140625
3 0.53125 0.459375 0.0078125 0.009375
3 0.5375 0.453125 0.0078125 0.009375
3 0.5328125 0.4421875 0.0078125 0.0109375
3 0.55 0.453125 0.0078125 0.009375
