3 0.7602976213520467 0.6613395670014013 0.12646925684847724 0.08685364474715093
3 0.3235914493613669 0.6404193689017001 0.07706125269929238 0.09233735731976367
3 0.5223617586993551 0.5548692049241267 0.04322978174358649 0.03626713978475227
3 0.3033507269557686 0.5993234880082879 0.05139747925407558 0.04131851282028158
3 0.2628800149231324 0.5786321524001461 0.04526587842423861 0.04258991439185813
3 0.3445919562098442 0.5584780101341945 0.03494368506293446 0.029653266749222952
3 0.31335453421916426 0.5186728014905233 0.018253092531467275 0.014863020678164496
3 0.325842878825224 0.5079707419372295 0.015009693361304245 0.013154971463952591
3 0.3613659817296534 0.5117656759737946 0.01860829004195628 0.019550520678164495
3 0.33809442509095755 0.5003936823839354 0.013328794191141214 0.011519696856846905
3 0.36675222135669117 0.49205248945603 0.011766294191141214 0.011446922249741042
3 0.3808739209417727 0.49061626799207725 0.011529495850815152 0.008321922249740866
3 0.4677576916876971 0.5254942280834906 0.026539189212119396 0.021476893713693813
3 0.4302576916876971 0.527240818654031 0.025568685062934547 0.029216619106587773
3 0.4459302358788383 0.5156119598865254 0.021851689212119395 0.021258569892376046
3 0.4352178788252239 0.5028765194398194 0.015009693361304245 0.01315497146395277
3 0.45889217716555 0.4986599003332315 0.020052390871793335 0.01806079528527036
3 0.47294302177160963 0.48788506617283167 0.013328794191141214 0.011519696856846905
3 0.5475752462518004 0.5303400858175389 0.03458848755244546 0.02496576674922295
3 0.42931142094177266 0.4883602551717957 0.011529495850815152 0.008321922249741043
3 0.4276780659627509 0.47909441708245454 0.008286096680652121 0.006613873035529139
3 0.516454378200524 0.5917335041383384 0.023154080083912554 0.03844606989237605
