3 0.7456828930922665 0.6941045647138211 0.5086342138154668 0.4525447128761749
3 0.3826093703449329 0.5031026303150685 0.3001285483856423 0.31467265752654666
3 0.3122304420993359 0.3193203965571374 0.17719185442427943 0.18714287985173242
3 0.5030395326698764 0.3502181885751038 0.16360023531769166 0.16326887023308564
3 0.5815284057054058 0.35530250345856107 0.046442660462916764 0.05934028366526398
3 0.15055023345566476 0.3593973034507118 0.1330394400324213 0.14348215988879928
3 0.0917552762597357 0.3403224104369535 0.05483735731976358 0.07211310217691817
3 0.20917821670644177 0.3244841009109739 0.07976458271265771 0.07142362141421188
3 0.2449851300648426 0.2700222902038679 0.04302656203449331 0.05298115626060227
3 0.5183327388323483 0.27534467414713354 0.09146406203449331 0.05467263103285873
