3 0.6828125 0.93125 0.2046875 0.103125
3 0.6390625 0.83125 0.2015625 0.1640625
3 0.2734375 0.9171875 0.23125 0.1296875
3 0.359375 0.7203125 0.184375 0.178125
3 0.653125 0.621875 0.134375 0.11875
3 0.64375 0.5265625 0.128125 0.09375
3 0.4015625 0.6234375 0.1515625 0.1125
3 0.409375 0.5296875 0.1296875 0.096875
3 0.41875 0.45 0.115625 0.06875
3 0.5515625 0.36875 0.09375 0.0765625
3 0.49375 0.25625 0.0609375 0.0546875
3 0.6234375 0.2265625 0.0546875 0.0421875
3 0.5296875 0.2359375 0.0515625 0.04375
3 0.6140625 0.1890625 0.0484375 0.0359375
3 0.68125 0.1671875 0.034375 0.0328125
3 0.975 0.228125 0.0484375 0.0453125
3 0.93125 0.1609375 0.0515625 0.0390625
