3 0.2265625 0.78125 0.1671875 0.2875
3 0.30625 0.490625 0.1078125 0.140625
3 0.4734375 0.4671875 0.06875 0.175
3 0.5109375 0.3359375 0.084375 0.090625
3 0.3453125 0.3734375 0.0765625 0.0953125
3 0.3484375 0.2546875 0.0578125 0.0546875
3 0.40625 0.19375 0.0578125 0.053125
3 0.809375 0.4875 0.184375 0.2046875
3 0.6953125 0.3734375 0.0984375 0.0859375
3 0.6375 0.3125 0.078125 0.084375
3 0.4875 0.2421875 0.05625 0.0515625
3 0.471875 0.290625 0.065625 0.0625
3 0.4734375 0.196875 0.04375 0.0515625
3 0.5984375 0.19375 0.1265625 0.175
3 0.6625 0.6390625 0.346875 0.5296875
3 0.503125 0.1109375 0.05625 0.075
