3 0.6119453426419644 0.7276702215864904 0.14005141935425697 0.12422052434972919
3 0.3543468583577301 0.785724634737585 0.16806941149637405 0.15593417451188502
3 0.37947959905210515 0.6993740775134146 0.12355312406898662 0.10519778896022594
3 0.3409094046764577 0.6713348522701809 0.11388702564056316 0.09878414772652384
3 0.3355177373891154 0.602434847805954 0.08921235731976358 0.0718125446422686
3 0.3367014017809736 0.5602337110364789 0.08296235731976358 0.07170345048646727
3 0.32316759470887896 0.5318496124164506 0.08103598428423435 0.06386367694751698
3 0.33154517494033736 0.5030660933417271 0.07961903349844598 0.06696140340856668
3 0.5494132634439632 0.6601184829505762 0.11708480024766903 0.10040119480442442
3 0.5341371739068801 0.6019923372526472 0.10919952564056316 0.09870232710967279
3 0.4919154406561031 0.5684161781620377 0.09669952564056317 0.09848413879807012
3 0.46321255190480815 0.5131832073830309 0.07536818114108108 0.07625458279171564
3 0.44130331865403105 0.47996160429877577 0.06868153349844608 0.06677048863591431
3 0.4113268742783836 0.45207238351976897 0.05352741439185813 0.043087526785361166
3 0.39519460608141854 0.42911612459131526 0.047131865177646406 0.03985343262955983
3 0.8022642816409284 0.6872066830300063 0.13783394789030404 0.1101307508107789
3 0.8775874592673528 0.7487266099775234 0.14684507485477455 0.10248189204448081
3 0.9307018048002922 0.6323709529155087 0.08619867328319834 0.10766822402541756
3 0.8822493422276796 0.5814845628996227 0.13314644789030403 0.11004893019392785
3 0.8425340248165029 0.5612442008869138 0.09440927956950454 0.08283186525911965
3 0.793443707405326 0.540840197640503 0.08154540653397539 0.07480117694751698
3 0.7646658899941492 0.5207907504004465 0.09142982878371626 0.08590231818121907
3 0.7117420971900783 0.49875606330665984 0.07158820967712849 0.06213753571381488
3 0.688760515510878 0.47177082345292953 0.07151543507002245 0.06057503571381488
3 0.650171050457066 0.4609327349791711 0.06660961124870504 0.05580571509696384
3 0.7493597595150219 0.6479708591667445 0.12460620181924557 0.09428756249917605
3 0.7029599485139859 0.603375379459284 0.10222177956950454 0.08296823295387146
3 0.6626089303170208 0.5799963806770999 0.09462760339082213 0.08751936525911966
3 0.6147386646012551 0.5166099906612139 0.0895762303552928 0.0796250446422686
3 0.5691736075291606 0.4876667844927036 0.07253427956950453 0.08245003571381489
3 0.5301132615819365 0.45336392247999485 0.061631012820281585 0.04947389448011297
3 0.4985914338316775 0.44186731493151293 0.056797963606069854 0.046267073863261746
3 0.5415987251880063 0.40821506371369687 0.050547963606069855 0.046157979707460585
3 0.47818904259918316 0.4266553721556833 0.04727741439185813 0.042978432629559825
3 0.3142720918133949 0.42066665056589764 0.07609592721213972 0.09187958279171564
3 0.6758281759737946 0.41368558806342615 0.06290241439185813 0.04325116801906326
3 0.7621273949565479 0.4409941562446452 0.08379711124870504 0.05610572402541756
3 0.867593990903772 0.4764561436627435 0.10029540653397503 0.07512845941492116
