3 0.60313716056655 0.7767007186877092 0.15052835335772627 0.18919980721668547
3 0.6943990545830948 0.6605831677925451 0.12022268801718106 0.1341723457733483
3 0.8056274559198219 0.642692365817647 0.16413632001909023 0.15103847316352947
3 0.6156388025939125 0.5757890607604298 0.06953179734245421 0.07159320018457009
3 0.6800922012651395 0.5463006222960519 0.0709852093411815 0.06231832973421945
3 0.5762314045990031 0.5357357572443722 0.05054544000636341 0.05007914558877822
3 0.619436511935094 0.5181768198597284 0.03951703333863606 0.04156573874123311
3 0.6041842292727755 0.48514427436323526 0.03786362667090888 0.03365310919158375
3 0.5500779846037755 0.49887730490033366 0.03473862667090888 0.03345285009228505
3 0.5331904766072755 0.47199462985419116 0.025272720003181703 0.02503957279438911
3 0.39608082793604843 0.49682704425987556 0.029960220003181704 0.025339961443337167
3 0.3374592585932761 0.5626535009228506 0.06308180267345431 0.05400518198597286
3 0.8940621525700501 0.769543564922483 0.10614200668363552 0.1317086798265045
3 0.7422462085853219 0.6472308690568495 0.04769316000954511 0.07331638648947969
3 0.5286756992759571 0.4568504912052432 0.01736931333545435 0.016726425046142523
3 0.5350711499443207 0.4447510094038405 0.014207950668363622 0.013401165946843818
3 0.4240336526098208 0.4462355613787386 0.0377727200031817 0.025840609191583753
3 0.46708421861077537 0.441957873994095 0.05503294533736351 0.03319203423772628
3 0.4921933066120479 0.4341849467884842 0.01580681333545435 0.016626295496493172
3 0.5171387626114117 0.4404745195828733 0.011046588001272718 0.010075906847545113
3 0.518592174610139 0.44994964913252267 0.015770450668363623 0.013501295496493171
3 0.5085813752785026 0.436798807059802 0.009465906667727175 0.00841327729789576
3 0.5055563726130025 0.42800479796050334 0.006322725334181811 0.0066505181985974104
