3 0.7858389646353481 0.8433028205593649 0.11948944906292791 0.1415740385920639
3 0.7582033611118513 0.7167160871561045 0.1149838054894186 0.14746884108157482
3 0.6349644379131708 0.7543559518833887 0.15160326708875882 0.17362952199532417
3 0.6341724792168245 0.6470287039579811 0.1420009465556454 0.16510662697434597
3 0.6656330793751091 0.5883407881910785 0.14012019780928675 0.1540507278041831
3 0.5333577884671667 0.5329051591421399 0.14521687476889084 0.16846842531467204
3 0.5069112972426554 0.6076324720046131 0.1517396594086268 0.17831702199532415
3 0.5473270117449894 0.4564494029183626 0.11756323620994635 0.1289556394219007
3 0.35821303595988435 0.49771025249879963 0.11921666442319179 0.1321990385920639
3 0.2890204182506225 0.40007639067130063 0.11292120031656908 0.1301629419114116
3 0.40310565030393386 0.4079382800932014 0.1192621285298145 0.13376153859206372
3 0.4245236607287751 0.3445745197202391 0.10796091567683312 0.1204327444009226
3 0.32019987358175656 0.3241417753193166 0.09688702335696497 0.11491645020978147
3 0.35022600587249475 0.23402626079716943 0.10069398495630519 0.13859074855010753
3 0.228307890274804 0.30699997427969816 0.09536998746358769 0.11636055103961844
3 0.2711151673926927 0.23507835270393676 0.08585859514371963 0.11096265601864026
3 0.1536010584589195 0.21051421535662845 0.11173913354437941 0.08953794191141169
