3 0.09928112250995154 0.56875 0.19856224501990308 0.3
3 0.2499589658566994 0.55703125 0.0742943458553869 0.059375
3 0.3893862217881985 0.52890625 0.048466674904859806 0.0390625
3 0.7136102889746733 0.60546875 0.06778967787060922 0.053125
3 0.566886480685447 0.48671875 0.02582767095052709 0.0203125
3 0.367363983156905 0.475 0.03539367193911023 0.025
3 0.3524711536131405 0.45703125 0.027390170950527093 0.0203125
3 0.43152198365119654 0.47265625 0.027390170950527093 0.0203125
3 0.40575532110362644 0.453125 0.025764003954332714 0.01875
3 0.45028657110362647 0.453125 0.017824169961943782 0.015625
3 0.4217623230807928 0.44375 0.01782416996194396 0.015625
3 0.6010214001530993 0.4734375 0.05704317885919252 0.0578125
3 0.546316654107432 0.4546875 0.014571835969555025 0.0125
