3 0.07658073979706079 0.7391500247145795 0.15316147959412157 0.20901153855474383
3 0.17907801357162134 0.516135630455798 0.14171719123481458 0.14278436068413464
3 0.23533686696472306 0.43767239083592135 0.12193237153638865 0.11239652372599629
3 0.31243590065939886 0.3898516561589605 0.10589726842611089 0.10707235376405233
3 0.4098180400562506 0.3342330089344296 0.09474515494824054 0.08637785178688588
3 0.4631282592362968 0.30739593631074735 0.09107335080120364 0.08000051779449713
3 0.5365370734681025 0.36448553612046697 0.09603425287472209 0.08331651878308026
3 0.5935874473135654 0.3307445474891734 0.09107335080120364 0.08000051779449713
3 0.6981485167291673 0.38126315372468367 0.09392494872768502 0.07700285178688597
3 0.6571729107441675 0.4642693133065043 0.10011616013203692 0.09438135277546919
3 0.821869689255047 0.4278582639145266 0.08937414976444416 0.07837435079830275
3 0.8596547788401863 0.5963973582870385 0.17119007775694434 0.12374520060802219
3 0.7012175622520381 0.6150306586675995 0.17724458812453675 0.1395612015966055
3 0.47555318091370474 0.5776102772232183 0.29028855815305477 0.39950388737588016
